1801 209
1791 112
1814 126
1810 171
1812 171
1816 160
1809 165
1808 173
1807 169
1770 24
1806 211
1805 204
1829 166
1831 155
0 295
1803 179
1796 166
1813 159
1802 198
1832 152
1815 169
1804 185
1799 152
1825 211
1824 248
1823 207
1822 159
1821 172
1820 180
1819 186
1817 186
1836 162
1797 165
1826 222
1795 161
1827 199
1828 197
1830 166
1818 184
1840 165
1811 178
1798 193
1800 180
1851 116
1834 157
1833 142
1788 112
1793 132
1789 113
1775 53
1777 74
1784 103
1792 114
1849 118
1781 78
1764 7
1850 119
1749 5
1750 5
1752 2
1754 2
1758 6
1759 6
1744 7
1763 6
1743 13
1746 3
1747 4
1748 3
1760 13
1785 117
1870 58
1778 63
1780 79
1745 5
1783 115
1786 122
1787 116
1856 91
1737 5
1738 2
1740 1
1741 5
1742 6
1782 116
1776 70
1835 146
1837 155
1838 166
1855 85
1794 139
1853 107
1852 98
1845 141
1843 161
1839 138
1848 145
1842 152
1887 57
1854 104
1892 53
1891 49
1847 164
1886 67
1885 48
1884 54
1883 51
1882 55
1881 49
1888 56
1889 48
1841 148
1934 71
1857 79
1846 145
1844 148
1790 114
1861 65
1864 56
1859 79
1877 51
1876 42
1875 63
1862 54
1873 53
1863 58
1869 59
1868 52
1867 44
1866 43
1865 62
1874 43
1765 16
1768 17
1766 18
1858 104
1774 66
1773 35
1771 30
1769 27
1767 28
1779 65
1897 62
1900 69
1772 30
1957 47
1697 2
1911 59
2000 54
1997 57
1983 61
1979 82
1975 63
1968 111
1963 74
1860 105
1600 2
1913 83
1878 46
1879 46
1940 72
1898 95
1893 55
1995 52
1946 47
18322 1
1896 78
1895 69
1899 57
1908 72
1905 75
1917 84
1919 57
1732 4
1718 3
1872 47
1757 8
1761 11
1756 8
1762 11
1751 1
1755 2
1739 2
1753 1
1929 68
18400 1
1984 76
1871 41
1880 35
1890 57
1668 1
1696 3
1894 48
1902 53
1901 65
1961 65
1915 68
1916 84
1691 4
1969 68
1954 46
1987 72
1910 67
1978 75
1965 77
1931 94
1966 75
1986 70
2005 30
1953 36
1952 32
1951 35
1982 73
1958 54
1923 53
1971 81
2001 54
1914 100
1627 1
1906 60
1904 79
1936 85
1924 69
1920 76
1985 71
1974 62
1909 75
1907 73
1976 66
1977 70
1994 57
1080 1
1939 80
-1819 1
2008 34
1956 44
1955 53
1943 41
2009 177
2017 2
2007 36
1993 45
1922 62
1973 79
1970 77
1912 57
1930 77
1903 62
1935 70
1937 72
1941 88
1960 77
1967 66
1980 78
1962 77
1949 45
1928 72
1926 91
1938 61
1944 28
1959 58
1921 62
1948 54
1947 64
1981 69
1990 69
1933 76
1716 1
1964 70
1998 60
1972 49
1992 51
1996 45
1991 58
1988 77
1999 50
1989 56
2002 45
1927 76
1950 27
1932 84
2012 27
1925 83
1729 1
2003 50
2013 20
1685 2
1636 2
1918 52
2011 27
2004 33
2019 2
2018 1
1942 47
2006 32
1028 1
2010 29
2014 2
1556 1
1945 23
1701 4
1641 1
1733 2
1710 2
1670 1
1667 2
1713 1
1731 1
1653 1
1698 1
1695 1
1669 2
1700 3
1723 3
1673 1
1604 1
1558 1
1715 2
1647 1
1652 1
1575 1
1720 1
1679 2
1687 1
1724 2
1730 2
1645 1
1633 2
1560 4
1568 2
1561 1
1736 2
1693 1
1591 1
1681 1
1541 1
1555 1
1637 1
1474 1
1689 1
1712 2
1662 5
1678 1
1642 1
1680 1
1734 1
1714 1
1721 2
1709 1
1675 1
1727 1
1663 1
1638 1
1717 1
1722 1
1728 3
1726 1
199 1
