21 1811
22 1775
23 1737
24 1713
25 1663
49 1043
50 1023
51 1001
52 979
53 962
54 935
55 915
56 893
57 866
58 848
59 831
60 809
61 793
35 1377
36 1345
37 1321
38 1288
48 1055
1 2274
41 1204
42 1169
43 1153
44 1140
45 1112
46 1087
47 1080
2 2259
3 2247
4 2193
5 2187
6 2176
7 2165
8 2140
9 2135
10 2116
11 2110
12 2082
13 2076
14 2049
15 2012
16 1992
17 1944
18 1911
19 1875
20 1846
39 1258
40 1222
30 1519
242 27
26 1637
27 1611
28 1593
29 1553
31 1494
32 1462
33 1438
34 1414
87 418
88 410
89 391
62 774
63 754
64 741
65 720
66 705
67 686
68 664
69 649
70 630
71 617
72 603
73 586
74 571
75 564
76 549
77 542
78 519
79 509
80 495
81 484
82 473
83 459
84 453
85 444
86 428
137 138
138 134
139 131
97 330
98 321
99 313
100 306
101 305
102 298
103 294
104 290
105 277
106 269
107 260
108 256
110 248
111 245
112 237
114 229
113 230
115 222
116 216
91 371
92 366
93 359
94 345
95 338
96 334
117 211
118 211
109 255
90 387
123 182
124 174
125 179
126 175
127 168
128 167
129 160
130 155
131 155
16.01 10
121 193
122 190
175 65
176 64
177 65
178 62
182 59
133 148
134 145
119 205
120 201
143 117
144 119
145 114
146 114
147 114
148 111
149 113
150 109
151 109
74.003 1
74.004 1
74.005 1
74.006 1
74.007 1
140 127
141 123
142 122
22.02 2
22.03 2
22.04 1
162 85
163 82
152 107
153 103
135 142
136 141
3.01 33
3.02 9
3.03 9
3.04 7
3.05 7
3.06 7
22.01 8
132 151
154 101
155 99
173 72
174 66
0.1 95
74.008 1
492.001 1
164 82
165 80
166 77
167 78
168 76
169 75
170 74
171 74
61.01 4
20.01 4
181 61
31.01 4
315 10
316 10
317 8
318 7
319 7
156 94
157 93
158 91
159 91
160 88
79.01 3
79.02 1
250 22
161 86
193 51
194 50
195 50
196 51
197 51
198 50
199 50
200 49
201 50
202 47
203 48
204 46
205 46
206 46
207 44
208 45
73.01 2
302 11
303 11
304 10
94.01 2
180 60
183 58
184 56
185 56
186 56
187 54
188 53
189 53
190 54
191 51
192 49
84.01 4
320 7
321 7
322 7
323 7
324 7
325 7
326 7
327 6
328 6
329 6
353 4
172 73
179 61
222 37
223 37
224 37
225 36
226 35
227 35
228 35
229 35
230 35
215 41
216 41
217 40
268 16
269 15
218 39
219 39
270 15
271 15
272 14
273 14
274 14
275 14
276 15
256 21
257 21
258 18
259 18
260 18
261 17
262 17
263 17
264 17
265 17
266 17
28.01 8
24.01 12
96.01 1
220 39
221 37
297 13
301 11
301.01 1
334 6
335 6
336 6
337 6
338 6
339 6
340 7
341 6
342 6
343 5
345 5
346 5
347 5
348 5
349 4
350 4
351 4
352 4
122.01 2
47.01 2
280 14
281 14
282 14
75.01 3
277 13
278 14
279 14
283 14
337.01 1
305 10
306 10
307 10
308 10
255 21
267 16
209 43
210 43
211 42
212 42
213 42
214 41
293 13
285 14
286 14
287 14
288 14
289 15
290 13
291 13
292 13
294 13
295 13
296 13
231 36
232 35
87.01 2
125.01 2
251 22
252 21
253 21
254 21
313 11
314 10
330 6
331 6
332 6
303.01 1
354 4
355 4
356 4
357 4
358 4
359 4
233 33
234 35
235 34
236 33
237 30
238 30
103.01 1
170.01 1
309 10
310 10
311 10
312 10
239 30
240 29
241 28
243 28
244 27
245 25
246 24
247 23
248 21
249 22
170.02 1
284 13
298 12
299 12
300 11
0 329
297.01 1
4.01 20
132.01 1
135.01 1
112.01 1
14.01 10
147.01 2
224.01 1
333 5
1.01 26
189.01 2
1.5 1
65.01 4
82.01 2
54.01 3
70.01 3
7.03 2
7.01 9
111.01 1
5.01 14
0.09 1
38.01 3
1.02 7
2.01 22
2.02 3
0.2 26
19.01 8
169.002 1
18.01 6
18.02 3
11.01 14
11.02 4
11.03 4
11.04 3
11.05 1
66.01 3
17.01 8
9.01 4
77.001 1
7.02 2
13.01 6
33.01 2
105.01 6
36.001 1
8.01 11
89.01 1
62.04 1
62.05 1
135.001 2
0.01 10
30.01 6
37.01 3
23.01 5
25.01 5
26.01 5
27.01 6
29.01 5
62.01 4
62.02 1
62.03 1
43.001 1
44.01 5
580 2
581 2
582 2
473 2
474 2
475 2
671 1
222222222 1
3.1 10
3.07 5
3.08 5
3.09 5
579 2
367 3
368 3
369 3
370 3
371 3
372 4
12.02 4
104.01 3
573 2
574 2
575 2
576 2
577 2
578 2
366 3
58.01 3
570 2
571 2
572 2
557 2
558 2
559 2
560 2
561 2
562 2
374 3
375 3
376 3
377 3
378 3
379 3
380 3
381 2
415 2
416 2
417 2
418 2
419 2
420 2
3.11 5
28.02 3
28.03 3
421 2
422 2
10.01 5
373 3
62.06 1
62.07 1
74.01 2
32.01 5
161.01 1
95.01 2
152.01 1
53.01 2
1.1 4
51.02 2
121.01 1
123.01 3
115.01 2
46.01 3
67.01 1
456 2
457 2
458 2
459 2
460 2
461 2
462 2
463 2
464 2
465 2
466 2
467 2
468 2
469 2
470 2
471 2
472 2
81.01 2
40.01 6
40.02 2
33.03 1
72.01 3
24.02 3
48.01 5
655 1
64.1 1
158.01 1
158.02 1
15.01 12
35.01 3
430 2
431 2
432 2
433 2
434 2
435 2
436 2
437 2
438 2
268.01 1
3.001 1
3.002 1
3.003 1
3.004 1
3.005 1
3.006 1
3.007 1
3.008 1
3.009 1
89.07 1
89.08 1
43.01 6
68.01 2
12.01 9
585 2
586 2
587 2
588 2
589 2
590 2
591 2
592 2
593 2
594 2
595 2
596 2
413 2
76.001 1
76.002 1
148.01 1
19.02 1
151.01 1
385 2
386 2
387 2
388 2
389 2
563 2
564 2
565 2
566 2
567 2
568 2
569 2
583 2
584 2
166.01 1
108.01 2
117.01 2
51.01 5
33333333333333 1
64.01 2
612 2
613 2
614 2
615 2
616 2
617 2
622 1
623 1
624 1
625 1
618 2
619 1
620 1
621 1
2.03 3
45.01 5
483 2
484 2
361 3
362 3
423 2
424 2
425 2
426 2
427 2
428 2
429 2
63.01 3
63.02 2
63.04 1
89.02 1
89.03 1
89.04 1
89.05 1
89.06 1
444 2
445 2
446 2
447 2
448 2
449 2
450 2
451 2
452 2
453 2
454 2
455 2
17.1 2
17.2 1
363 3
364 3
365 3
476 2
477 2
478 2
606 2
607 2
608 2
609 2
610 2
611 2
629 1
630 1
631 1
632 1
633 1
634 1
635 1
636 1
637 1
638 1
639 1
390 2
391 2
392 2
393 2
394 3
396 2
397 2
398 2
399 2
312.01 1
403 2
404 2
405 2
406 2
407 2
408 2
409 2
410 2
411 2
412 2
548 2
549 2
550 2
656 1
657 1
658 1
659 1
660 1
83.001 1
116.01 3
78.01 2
78.02 1
49.01 2
158.03 1
344 4
360 3
77.01 5
124.01 1
110.01 1
534 1
535 2
536 2
537 2
538 2
539 2
540 2
541 2
542 2
543 3
544 2
663 1
545 2
546 2
34.01 3
40.03 1
547 2
414 2
496 2
497 2
498 2
499 2
500 2
501 2
502 2
503 2
504 2
505 2
506 2
507 2
508 2
509 2
510 2
511 2
512 2
439 2
440 2
441 2
442 2
443 2
643 1
644 1
645 1
646 1
647 1
648 1
649 1
650 1
651 1
652 1
653 1
654 1
640 1
641 1
642 1
400 2
401 2
402 2
520 2
521 2
522 2
523 2
524 2
525 2
526 2
527 2
528 2
58.001 1
382 2
269.01 1
144.01 1
144.02 1
130.01 3
130.02 2
626 1
627 1
628 1
664 1
665 1
666 1
667 1
668 1
669 1
670 1
39.01 2
485 2
486 2
487 2
488 2
489 2
490 2
491 2
492 2
493 2
494 2
495 3
513 2
529 2
530 2
531 2
532 2
533 2
661 1
662 1
446.001 1
672 1
159.01 1
0.02 2
0.03 1
517 2
518 2
519 2
673 1
383 2
384 2
514 2
515 2
516 2
551 2
479 2
480 2
481 2
482 2
552 2
553 2
554 2
555 2
556 2
597 2
598 2
599 2
600 2
601 2
602 2
603 2
604 2
605 2
21.01 4
50.01 2
50.02 1
50.03 1
50.04 1
74.001 1
74.002 1
117.02 1
42.01 1
172.01 1
4.03 2
4.04 2
4.05 2
146.001 1
182.01 2
13.02 2
6.01 8
1.03 4
1.04 3
1.05 3
4.02 3
395 1
90.01 1
71.02 1
6.02 3
6.03 1
37.02 1
93.01 2
66.03 1
66.02 1
10.04 1
60.01 2
71.01 1
24.03 1
25.02 1
25.03 1
23.02 1
23.03 1
85.01 2
26.02 2
0.5 3
12.03 2
10.05 1
10.06 1
10.07 1
10.08 1
1.093 1
1.021 1
10.02 2
1.06 2
29.03 1
30.02 1
30.03 1
31.02 1
31.03 1
16.02 1
16.03 1
17.02 1
17.03 1
18.03 1
10.03 2
1.07 2
1.08 2
1.09 2
1.11 1
1.12 1
1.13 1
26.03 1
8.02 3
86.01 1
91.01 1
99.01 1
13.03 1
14.02 2
14.03 2
15.02 2
15.03 2
36.01 2
0.3 8
0.4 6
1.091 1
1.092 1
27.02 1
27.03 1
29.02 1
130.03 1
130.04 1
220.01 1
58.02 1
58.03 1
58.04 1
119.01 1
123.02 1
21.02 1
131.01 1
133.01 1
134.01 1
14.04 1
14.05 1
14.06 1
14.07 1
14.08 1
43.02 1
5.02 3
5.03 1
5.04 1
5.05 1
5.06 1
5.07 1
5.08 1
2.04 2
2.05 2
2.06 2
2.07 2
2.08 2
2.09 2
2.1 3
2.11 2
2.12 1
0.6 2
0.7 2
0.8 2
0.9 2
1.2 1
1.3 1
1.4 1
14.09 1
14.1 1
14.11 1
14.12 1
36.02 1
15.04 1
155.01 1
830 1
34.03 1
52.01 2
34.02 1
1111 1
55.01 1
39.02 1
39.03 1
97.01 1
0.31 1
4.06 1
3333 1
163.02 1
163.01 1
93.001 1
11112.01 1
11.1 2
2888 1
13.1 1
18.1 1
8.1 1
1.011 1
12.04 1
105.02 1
105.03 1
105.04 1
105.05 1
67.001 1
4.001 1
4.002 1
41.01 1
33330 1
