8 384
8.001 40
9 535
10 331
11 463
155 252
157 249
159 263
164 214
164.001 34
165 263
166 221
168 235
168.001 34
168.002 6
169 270
170 213
68.001 22
69 262
80 231
82 244
158 213
169.001 33
170.001 28
171 254
171.001 34
172 245
305.001 20
306 104
306.001 17
306.002 4
307.001 16
307.002 5
308 91
1 3162
189 281
189.001 31
189.002 9
190 198
194 209
5 712
13 438
17 370
21 311
60 247
55 271
3 1445
4 314
7 623
15 391
22 283
40 235
41 293
45 283
53 260
68 244
74 239
78 251
81 294
23 309
30 261
34 260
39 272
44 243
48 269
62 247
70 235
82.01 32
92.01 24
92.02 1
94.01 26
118.01 34
138.01 26
140.01 32
142.01 24
143 280
235 171
244 153
238 128
239 149
242 145
244.001 30
245 152
50 254
58 258
80.001 23
89 284
95 291
102 248
119 283
118.001 32
130 242
137 284
140 280
150 222
151.001 38
151.002 10
151.003 3
152 246
152.001 45
153 286
154 228
5.001 51
5.002 14
6 331
56.01 53
61 288
141 273
233 191
234.01 18
279 118
280.01 14
284 110
286 101
292 92
297 119
330 82
331 88
174 236
142 235
180 227
132 223
211 203
223 200
46 241
47 260
49 305
54.01 45
56 231
57 272
66 247
197.001 27
197.002 5
19 307
20 269
98.001 33
99 295
99.001 36
100 224
100.01 45
101 328
101.001 33
105 299
106 238
108 242
108.001 37
109 307
110 269
111 284
112 250
113 305
114 229
116 263
116.001 33
116.01 25
117 286
118 234
120 256
120.001 26
121 274
122 259
127 274
151 269
207 221
209 233
210 183
210.001 28
213 217
213.001 39
214 181
215 216
216 181
216.001 25
217 205
219 203
219.001 26
259 144
260.01 10
263 133
295 117
271 144
208 194
180.01 37
182.01 26
192.01 28
200 227
202 194
104 253
107 297
115 298
125 287
134 250
145 294
147 299
148 253
144 215
163 246
167 242
26 265
27 299
129 307
18 292
25 310
156 236
158.01 23
161 272
131 272
132.001 37
132.01 22
135 288
136 267
137.001 36
136.01 31
139 271
160 226
162 218
167.001 23
176 231
177 272
181 279
184 219
186 235
83 325
84 236
85 293
86 234
87 275
128 230
191 248
195 236
199 239
201 230
204 195
179 256
182 219
185 248
287 125
289 118
291 130
294 96
103 291
36.01 50
218 210
220 168
227 196
230 163
37 261
133 265
314 81
315 88
316 96
317 105
317.001 16
183 257
97.001 32
98 232
126.001 33
236 138
247 147
325 89
103.001 34
103.002 12
197.003 2
197.004 1
197.005 1
198 206
198.001 31
198.002 5
200.001 36
203 203
203.001 23
205 211
59 281
73 286
76.01 36
77 272
78.01 25
79 274
221 197
175 226
249 163
421 30
422 15
424 19
426 16
429 10
196 224
353 66
403 26
92.001 30
92.002 11
197 254
199.001 25
35 269
263.001 12
264 121
187 291
192 221
193 256
2 302
92 257
126 219
349.001 12
350 60
350.001 10
351 71
365 69
369 67
369.001 8
371 61
373 47
374 53
331.002 3
248.001 24
188 229
26.01 64
29 271
222 156
224 165
225 183
224.01 14
226 162
228 176
232 134
250 148
375 55
166.01 22
172.001 30
173 264
120.01 24
138 244
176.001 41
149 278
231 192
242.001 25
242.002 8
244.002 10
246 155
124 244
256 128
257 168
258 128
307 90
318 99
319 98
319.001 12
320 86
321 96
324 76
327.001 18
338.01 8
338 66
24 274
14 346
16 312
261 143
264.01 13
265 138
48.001 24
53.001 41
54 237
36 236
38 235
14.01 159
12.01 178
10.01 183
8.01 190
75 265
76 238
42 253
51 295
65 300
67 269
71 308
72 238
123 264
62.001 25
63 300
63.001 38
67.001 30
296 114
298 105
301 129
304 104
135.001 43
176.01 28
404 23
405 25
408 23
409 23
68.01 39
110.01 35
323 92
82.001 23
146 217
246.001 22
246.002 7
247.001 22
247.002 12
247.003 5
248 136
229 167
234 124
310 96
20.002 7
20.003 7
21.001 35
21.002 5
178 225
181.001 27
173.001 32
33 272
32.001 26
43 259
52 243
54.001 26
90 254
345 70
348 62
352 65
367 60
378 36
384 40
385 48
389 45
390.01 3
397 36
397.001 10
398 35
398.001 11
124.01 32
179.001 34
318.001 15
322 58
64 259
355 71
61.001 32
262 103
267 126
278 128
288 98
291.001 27
299 125
303 96
28 274
32 249
91 288
269 140
273 151
206 183
88 233
347 66
349 72
379 45
383 46
443 15
451 6
467 10
486 12
385.001 12
385.002 5
374.001 15
376 44
377 53
386 40
386.001 11
386.002 3
290 100
300 101
305 98
311 106
312 90
58.001 32
84.001 24
94 274
94.001 44
97 325
102.01 25
335 86
335.001 16
2.01 89
20.01 99
18.01 104
16.01 166
363 74
416 19
416.01 2
417 25
404.001 10
237 164
52.01 32
38.01 39
80.01 42
31 289
220.01 19
43.001 36
241 169
252 135
12 382
24.001 39
186.001 35
192.02 5
309 111
343 71
93 275
339 63
84.01 44
409.001 5
410 16
411 23
275 111
26.001 32
142.001 44
142.002 15
142.003 8
142.004 3
126.01 37
276 114
90.01 23
106.01 22
240 139
240.001 25
240.002 13
240.003 8
255 147
96.001 30
96.002 13
96.003 8
96.004 3
90.001 26
96 233
161.001 32
361 70
25.001 27
243 194
334 75
88.01 38
212 181
212.001 34
412 27
413 22
184.01 26
193.001 29
193.002 6
193.003 4
194.001 29
194.002 5
194.003 3
195.001 32
195.002 6
195.003 4
196.001 24
196.002 8
196.003 2
370 57
384.001 10
341 73
368 64
1.001 163
143.001 43
143.002 14
206.001 26
295.001 20
6.01 130
272 109
281 118
313 101
316.01 10
362 66
364 63
366 69
346.001 13
346.002 6
346.003 3
346.004 2
347.001 11
347.002 4
347.003 4
347.004 2
347.005 1
372 45
253.001 19
253.002 7
254 119
254.001 23
66.01 37
119.001 37
493 6
154.01 18
210.01 22
251 181
250.01 13
136.001 40
150.01 30
391 43
392 31
236.01 20
141.001 40
331.001 9
50.001 31
360.01 5
122.01 25
178.01 28
253 150
102.001 31
418 16
419 24
420.01 3
428 19
430 15
431 17
300.01 12
340.01 4
362.001 18
72.01 36
4.01 115
4.02 9
9.01 4
288.01 9
306.01 13
308.01 13
314.001 9
328 87
22.01 81
24.01 86
3.001 93
51.001 31
56.001 24
74.01 34
75.001 22
266 110
268 122
270 127
283 117
326 73
329 88
381 38
387 49
393 39
447 15
547 3
549 3
416.001 5
155.001 34
245.001 23
157.001 41
175.001 27
420 22
423 20
425 15
427 15
308.001 17
388 39
204.01 15
249.001 28
249.002 7
249.003 4
250.001 32
250.002 6
250.003 4
250.004 1
251.001 30
251.004 2
252.001 27
252.002 9
130.01 43
170.01 22
262.01 11
414 14
228.01 19
162.001 27
245.003 6
260 113
415 17
356 62
358 64
360 63
40.01 52
49.001 41
174.01 24
174.02 4
29.001 31
34.01 43
330.01 7
333 81
3.01 7
21.003 4
133.003 10
245.002 10
307.01 1
314.01 12
327 81
405.001 9
406 19
407 20
410.001 4
76.001 16
104.01 39
337 78
340 71
346 67
88.001 28
274 119
277 120
220.001 30
249.01 2
280 108
365.001 20
325.001 16
325.002 3
107.001 29
246.01 13
51.01 3
148.003 5
1.01 27
160.01 29
348.001 13
348.002 4
348.003 2
241.001 28
344 59
85.001 30
85.002 7
50.01 46
148.01 20
93.001 28
95.001 36
254.002 8
255.001 18
251.003 5
94.002 12
556 3
557 2
558 2
559 1
560 1
380 42
382 41
57.001 32
196.01 26
419.001 5
461 6
464.01 1
112.001 34
113.001 31
138.001 35
304.01 11
204.001 30
4.001 31
39.001 26
40.001 24
48.002 6
48.003 3
48.004 2
48.005 2
48.006 1
55.001 35
106.001 38
16.001 33
205.001 22
338.002 3
390 35
242.01 14
143.003 6
143.004 6
144.001 40
144.002 17
554 2
555 1
302 91
48.02 2
42.01 45
332 74
144.01 30
386.003 2
294.001 17
95.01 2
95.002 9
293 112
311.001 19
185.001 38
198.01 19
44.001 24
108.01 25
342 65
340.001 16
123.001 39
372.01 7
134.01 20
216.01 15
243.001 19
114.01 29
189.01 3
91.001 26
46.01 48
289.001 19
148.002 9
183.001 40
248.01 29
32.01 72
400 27
401 26
402 29
408.001 7
401.002 3
402.001 9
30.01 65
379.002 3
401.001 6
268.001 20
87.001 27
389.001 9
141.002 19
224.001 31
190.01 26
122.001 27
188.001 34
206.01 26
238.01 20
240.01 14
212.01 20
86.01 33
31.001 32
36.001 31
156.01 30
300.001 25
285 115
52.001 34
125.001 29
208.001 32
208.002 12
550 2
551 2
552 2
553 3
222.01 11
438 10
475 10
469 11
473 11
476 6
481 8
491 9
492 12
35.001 32
70.01 30
182.001 38
209.001 47
494 4
96.01 50
221.001 20
128.01 38
7.001 52
202.01 24
12.001 42
186.01 30
21.01 4
394 30
147.001 40
148.001 34
149.001 34
150.001 32
395 39
134.001 42
46.001 37
127.001 36
128.001 38
237.001 19
238.001 24
238.002 5
152.01 31
192.001 32
229.001 24
257.001 24
477 12
482 7
485 9
489 9
489.001 3
490 10
218.001 28
60.01 36
206.04 1
208.01 20
146.001 44
81.001 32
112.01 42
110.001 29
116.002 13
139.001 35
27.001 28
172.01 19
168.01 23
226.01 18
108.02 3
234.001 20
244.01 21
6.001 35
354 50
357 75
357.001 15
357.002 9
275.001 22
276.001 19
276.002 7
277.001 20
182.02 5
188.01 22
188.02 1
114.001 39
98.01 26
104.001 43
28.01 57
272.001 17
200.02 3
146.01 22
183.002 10
7.01 8
274.01 12
14.001 38
14.002 8
22.001 26
222.001 26
217.001 31
58.01 36
46.002 10
140.001 43
162.01 17
212.02 2
164.01 24
44.01 44
164.02 2
70.001 23
336 62
158.001 29
290.01 10
299.001 20
48.01 57
86.1 1
69.001 29
47.001 32
60.001 25
159.001 34
218.01 8
225.001 26
71.01 5
100.02 3
162.02 2
228.001 24
228.002 9
232.001 27
28.001 28
232.01 21
282 110
98.1 2
13.001 37
318.01 13
198.02 1
230.01 22
233.001 17
266.01 10
266.02 3
117.001 29
153.001 36
154.001 36
156.001 32
366.001 19
359 61
349.002 4
349.003 3
349.004 3
208.02 5
292.01 2
179.01 1
504.01 1
122.002 6
124.001 27
124.002 9
367.001 7
363.002 8
372.001 9
190.001 37
136.002 12
258.002 5
277.002 8
279.001 14
279.002 4
276.01 8
76.02 3
376.001 9
33.001 38
38.001 37
191.001 28
190.1 1
286.01 10
73.001 23
358.001 10
98.002 15
98.003 11
375.001 10
336.001 11
339.001 14
339.002 5
291.002 6
291.003 4
200.01 24
202.02 3
214.01 13
272.01 11
343.001 10
344.001 15
344.002 5
344.003 3
345.001 15
345.002 5
145.001 40
184.1 1
192.1 1
225.004 4
154.02 3
176.1 1
201.001 32
370.002 4
371.001 12
163.001 27
165.01 2
174.03 2
174.04 1
206.02 2
206.03 1
168.1 1
375.002 4
296.01 6
78.001 27
78.002 7
79.001 19
79.002 5
73.01 3
131.001 47
369.002 2
370.001 10
214.001 33
224.002 12
258.01 7
268.01 12
328.01 6
371.004 1
259.001 25
251.002 11
226.002 7
227.002 7
134.02 2
282.01 12
6.002 9
6.003 5
290.1 1
359.001 17
363.001 21
160.001 31
160.002 9
354.01 6
115.001 36
94.004 3
332.01 8
324.01 3
360.001 16
88.1 2
215.001 25
165.001 39
368.001 7
304.001 19
449 11
23.001 26
72.1 1
226.001 29
64.01 47
114.002 8
263.01 3
366.01 3
254.01 19
83.001 23
202.001 28
341.001 11
341.002 4
226.003 3
227.001 25
334.01 5
20.001 27
180.001 36
86.001 24
357.003 1
376.002 5
310.01 11
252.01 8
302.002 3
302.003 3
100.001 43
359.002 4
361.001 14
374.002 5
336.01 13
329.001 12
432 13
434 9
396 35
364.001 22
364.002 7
270.01 10
355.001 15
355.002 5
356.001 13
356.002 7
373.001 7
266.001 14
104.002 10
104.003 4
82.002 6
260.001 9
261.001 17
262.001 18
166.001 33
302.001 16
292.001 13
162.1 2
371.002 2
300.002 9
300.003 5
99.002 10
99.003 6
344.01 4
372.002 3
366.002 2
367.002 3
367.003 1
224.003 7
225.002 9
225.003 6
286.1 1
262.003 6
151.01 3
187.001 32
294.01 11
284.01 11
278.01 9
324.001 11
9.001 47
10.001 37
376.01 6
207.001 28
121.001 33
71.001 29
252.003 5
254.003 6
255.002 5
255.003 4
256.001 22
298.01 13
72.001 21
367.004 1
102.002 11
102.003 7
371.003 2
272.1 1
288.001 19
30.001 33
236.001 18
403.001 7
101.002 12
101.003 7
101.004 3
301.003 2
301.004 1
301.005 1
100.002 10
100.003 7
100.004 2
159.002 12
159.003 6
102.004 3
184.001 40
45.001 25
94.003 9
178.001 38
85.01 2
269.001 22
376.02 1
376.03 1
376.04 1
376.05 1
376.06 1
376.07 1
376.08 1
301.001 16
301.002 6
327.002 3
160.003 6
77.002 7
93.002 9
266.03 1
267.01 1
103.003 5
103.004 4
264.02 2
264.03 1
11.001 48
379.003 1
554.001 1
557.001 1
557.002 1
47.002 11
47.003 5
47.004 2
413.001 2
413.002 1
414.001 2
221.002 10
223.001 23
140.002 14
128.002 13
266.002 5
267.001 22
157.002 8
157.003 6
158.002 12
158.003 8
391.001 16
174.001 41
156.002 12
215.002 11
378.001 10
379.001 7
145.01 3
395.001 7
399 38
231.001 17
239.001 18
239.002 6
387.001 11
133.001 39
326.001 16
269.002 6
270.001 23
270.002 13
377.001 13
377.002 4
380.001 14
380.002 2
380.003 2
380.004 1
380.005 1
380.006 1
380.007 1
256.01 18
175.01 2
328.001 12
53.01 3
324.002 4
241.002 11
137.002 14
177.001 36
552.001 1
552.003 1
99.004 4
415.001 5
417.001 5
418.001 3
19.001 31
57.01 2
66.001 29
66.002 10
66.003 4
66.004 2
66.005 1
66.006 1
271.001 20
273.001 18
309.001 15
447.001 4
447.002 1
447.003 1
447.004 1
448 8
448.001 1
448.002 1
111.001 33
111.002 9
111.003 6
252.004 2
267.002 7
1.002 19
313.001 11
315.001 19
316.001 18
83.01 3
389.002 2
389.003 1
76.002 5
76.003 3
15.002 6
165.002 7
165.003 1
123.002 12
330.001 14
109.001 36
67.003 2
241.003 7
63.002 9
65.001 30
30.02 4
125.002 8
126.002 10
127.002 11
135.002 16
211.001 31
230.001 30
77.001 31
235.001 16
235.002 6
75.002 5
227.01 2
133.006 1
67.004 1
67.005 1
67.006 1
67.007 1
67.008 1
68.002 4
68.003 2
68.004 1
68.005 1
68.006 1
68.007 1
68.008 1
247.01 1
342.01 6
346.01 9
237.01 1
248.002 4
20.02 6
72.002 5
264.001 16
265.001 17
265.002 2
393.001 4
406.001 6
259.003 5
259.004 3
259.005 2
259.006 1
260.002 5
260.003 3
393.002 3
393.003 2
310.001 24
127.003 7
253.003 2
253.004 1
253.005 1
253.006 1
254.004 2
254.005 2
254.006 2
105.001 24
433 15
448.003 1
448.004 1
147.002 14
360.003 4
360.002 7
52.011 1
110.002 8
110.003 6
131.003 7
292.002 2
231.002 6
234.002 7
252.005 1
252.006 1
388.001 9
209.002 11
407.001 5
382.001 9
383.001 5
237.002 7
258.001 18
66.007 1
67.002 6
23.002 6
24.002 11
24.003 3
25.002 9
25.003 5
26.002 7
26.003 5
27.002 8
28.002 8
28.003 4
575 1
209.003 4
209.004 3
30.002 6
30.003 5
30.004 3
31.002 6
31.003 5
31.004 2
322.001 14
323.001 11
436 9
440 7
444 11
533 2
534 3
535 2
161.01 2
119.002 11
101.01 2
129.001 37
536 1
116.003 3
116.004 3
117.002 10
117.003 5
117.004 1
310.002 6
310.003 2
258.003 7
258.004 4
258.005 4
258.006 1
207.005 3
208.003 9
208.004 4
208.005 2
426.001 6
428.001 4
361.002 6
362.002 7
229.002 6
34.001 32
18.001 28
292.003 2
424.001 6
446.004 1
267.004 3
268.002 3
268.003 2
268.004 2
272.002 11
281.001 16
114.003 3
114.004 3
115.003 6
115.004 2
359.003 3
359.004 2
131.002 10
105.002 7
290.001 16
394.001 7
2.001 20
543 2
544 2
548 1
549.001 1
549.002 1
280.001 17
391.002 4
392.001 8
112.002 10
112.003 5
112.004 3
113.002 6
113.003 6
113.004 4
315.002 3
315.003 1
15.001 37
212.002 10
454 14
454.001 3
454.002 1
455 15
455.001 2
456 8
457 9
457.001 3
458 7
459 8
53.002 8
468 9
441 10
445 14
378.002 5
243.003 2
287.001 17
290.002 11
318.002 5
318.003 3
320.002 3
321.001 7
321.002 1
572 2
572.001 1
573 1
573.001 1
574 1
257.006 1
538 2
542 2
107.002 13
109.002 9
279.01 2
445.001 3
446 8
446.001 3
446.002 2
446.003 1
64.001 34
205.004 1
205.005 1
206.002 9
206.003 5
206.004 2
206.005 2
207.002 15
207.003 5
207.004 3
400.001 10
118.002 12
118.003 6
425.001 4
425.002 2
426.002 2
263.002 2
237.003 2
17.001 42
203.002 9
203.003 5
203.004 3
390.001 8
79.003 3
131.01 4
358.003 1
358.004 1
393.004 1
394.003 2
394.004 1
395.002 1
399.001 10
132.002 13
132.003 9
133.002 18
134.002 20
135.003 6
149.002 9
41.001 28
284.001 21
110.1 1
136.003 6
136.004 5
523 1
526 2
527 2
528 2
565 1
567 1
567.001 1
32.002 8
32.003 6
32.004 3
33.002 12
396.001 4
396.002 1
137.00001 1
137.003 6
137.004 3
137.005 2
138.002 8
138.003 5
138.005 1
138.006 1
130.001 33
132.006 2
133.004 6
133.005 2
134.003 8
134.004 6
134.005 2
283.001 12
416.002 2
416.004 1
75.003 2
569 1
570 1
443.001 4
443.002 2
444.001 4
16.002 14
106.002 7
106.003 5
120.002 7
462 5
462.001 3
463 5
464 7
465 8
466 5
59.001 28
59.002 10
59.003 2
312.001 11
293.001 15
293.002 5
130.005 2
130.006 1
131.004 3
420.001 6
420.002 4
420.003 2
129.002 12
18.005 1
18.006 1
19.002 10
19.003 4
115.002 12
123.003 3
123.004 2
123.005 1
27.003 5
27.004 1
51.002 6
51.003 6
51.004 3
139.002 9
139.004 4
139.005 1
139.006 1
64.002 11
284.002 7
284.003 4
255.005 3
255.006 2
256.002 9
256.003 4
256.004 2
256.005 2
256.006 2
257.002 9
257.003 7
257.004 5
257.005 2
260.004 2
260.005 2
136.005 1
274.001 14
40.002 4
156.003 6
156.004 4
157.004 4
158.004 3
171.002 5
271.002 8
271.003 6
271.004 3
271.005 2
29.003 5
29.004 3
36.003 8
62.002 10
374.003 2
374.004 1
374.005 1
375.003 1
375.004 1
37.001 30
442 11
444.002 1
45.002 11
54.002 6
264.002 2
571 1
521 2
204.002 7
204.003 6
204.004 2
204.005 1
205.002 7
205.003 2
102.02 2
234.003 4
236.002 7
236.003 3
358.002 3
375.005 1
376.003 3
376.004 3
282.001 21
282.002 5
332.001 10
332.002 2
333.001266 1
333.002 3
453 7
514 3
515 2
517 2
520 2
131.005 3
131.006 2
132.004 5
132.005 2
269.003 3
268.005 1
270.003 5
270.004 3
270.005 2
41.002 5
130.004 2
111.004 1
135.004 2
135.005 1
421.001 6
4.002 7
200.002 10
135.006 1
35.002 7
35.003 5
35.004 3
36.002 9
334.001 12
52.002 7
298.002 8
128.003 6
128.004 3
128.005 3
18.002 8
18.003 5
18.004 4
321.003 1
321.004 1
296.001 24
42.001 24
152.002 7
152.003 4
262.002 6
127.004 4
127.005 4
457.004 1
190.002 6
303.001 16
155.003 6
155.004 3
337.001 12
428.002 2
351.001 14
89.001 23
74.001 23
213.002 13
178.002 12
25.004 2
26.004 1
170.002 3
17.002 13
320.001 11
432.002 1
435 13
436.001 1
437 14
19.004 2
91.002 11
459.002 2
460 3
460.001 2
147.003 5
197.01 1
199.002 9
172.002 5
176.002 11
177.002 12
255.00404 1
255.007 2
255.009 1
381.001 7
129.003 5
129.004 2
129.005 1
431.001 2
432.001 4
470 3
479 9
496 6
86.002 6
210.002 9
12.002 8
458.001 4
415.002 1
155.002 13
194.01 14
221.003 5
222.002 6
222.003 3
222.004 2
223.002 6
223.003 4
223.004 2
450 9
124.005 1
124.006 1
28.004 1
29.002 5
457.002 3
457.003 3
452 11
452.001 2
452.002 1
453.001 3
456.001 3
5.003 6
7.002 12
9.002 12
10.002 9
138.004 1
121.002 9
129.006 1
130.002 6
130.003 4
342.001 8
52.003 6
52.004 2
33.004 6
34.002 10
34.003 8
34.004 5
185.002 10
13.002 8
92.003 5
457.005 1
458.002 2
458.003 2
458.004 1
343.002 2
302.01 8
451.001 3
451.002 1
433.001 2
154.002 12
74.02 1
22.002 7
70.002 7
33.003 7
430.001 4
169.002 9
298.001 21
458.005 1
459.001 3
456.002 1
456.003 1
456.004 1
166.002 8
167.002 9
164.002 4
99.007 1
99.008 1
62.01 25
8.002 7
450.001 2
2.02 8
152.004 2
152.005 2
152.006 1
13.01 2
6.02 11
14.02 9
15.01 5
16.02 10
278.001 20
286.001 15
286.002 9
286.003 3
287.002 7
287.003 3
124.003 4
124.004 2
7.003 5
7.004 2
99.005 2
230.002 6
168.003 4
168.004 1
169.3 1
139.003 5
601 1
88.002 6
89.002 7
89.003 4
89.004 1
89.005 1
89.006 1
89.007 1
184.002 8
186.002 7
187.002 12
125.003 5
125.004 2
125.005 2
125.006 2
126.003 9
126.004 4
126.005 3
126.006 3
174.002 6
175.002 5
179.002 9
180.002 7
181.002 10
281.003 3
188.002 10
329.002 4
50.002 7
50.003 4
422.001 4
309.002 1
45.01 5
169.004 1
295.002 5
296.002 9
228.003 3
123.006 1
397.002 3
398.002 5
8.02 18
399.002 5
187.003 3
99.006 1
8.03 3
8.04 3
453.002 2
11.002 9
188.003 4
145.002 14
146.002 8
6.004 1
65.002 9
281.002 5
282.003 3
282.4 1
282.005 1
144.003 9
144.004 7
144.005 2
280.002 3
280.003 3
94.02 1
73.002 7
122.003 3
44.002 5
69.01 3
149.003 4
150.002 10
497 4
287.004 2
391.003 2
92.004 1
92.005 1
93.003 4
93.004 2
93.005 1
93.006 1
93.007 1
93.008 1
272.003 6
272.004 4
273.002 5
273.003 5
503 7
279.003 2
276.003 4
144.02 3
230.003 1
231.003 2
297.002 7
291.00411 1
291.005 1
187.01 1
142.02 2
201.003 3
192.002 7
333.001 9
173.002 7
361.003 5
483 9
403.002 3
202.002 6
202.003 5
51.02 2
51.03 2
91.003 4
91.004 2
299.01 1
89.008 1
89.009 1
89.01 2
90.002 5
90.003 3
90.004 2
90.005 1
10.02 10
12.02 11
177.003 4
178.003 5
229.003 1
6.005 1
199.003 6
199.004 5
200.003 4
201.002 10
189.003 2
275.002 7
111.02 1
155.005 2
288.002 7
289.002 7
290.004 2
421.002 2
421.003 1
439 8
87.01 1
288.003 5
288.004 2
289.003 3
289.004 2
442.001 2
502 4
285.001 14
285.002 7
290.003 2
72.02 3
95.003 6
95.004 2
95.005 1
95.006 1
95.007 1
96.005 1
96.006 1
94.005 1
94.006 1
94.007 1
80.02 3
283.01 2
283.002 5
215.003 6
97.002 12
97.003 4
97.004 1
97.005 1
97.006 1
90.006 1
90.007 1
90.008 1
91.005 1
91.006 1
91.007 1
91.008 1
191.002 9
273.004 2
32.02 4
64.02 5
419.003 1
419.004 1
163.002 5
174.003 3
175.003 3
259.002 7
260.02 1
155.007 1
261.002 2
487 9
487.001 5
488 11
285.0043 1
285.004 1
285.005 1
478 6
481.001 4
482.001 3
483.001 5
483.002 1
484 9
210.003 3
274.002 5
274.003 3
274.004 1
98.004 3
98.005 2
98.006 1
214.002 10
214.003 9
155.006 2
144.006 2
144.007 2
144.008 2
144.009 1
145.004 2
182.002 10
475.001 2
478.001 2
478.002 1
480 8
501 5
153.004 3
153.005 3
154.003 7
154.004 4
472 5
417.002 1
495.001 3
495.002 2
496.001 3
496.002 1
499 6
525 1
529 1
143.005 2
143.006 1
143.007 1
244.003 4
420.004 1
420.005 1
146.006 1
146.004 2
179.003 5
192.003 1
192.004 1
193.004 2
283.003 3
338.001 12
486.03 1
487.002 2
487.003 2
488.001 6
488.002 2
488.003 2
488.004 2
489.002 2
471 7
278.002 8
280.004 1
280.005 1
211.002 13
211.003 4
216.002 8
153.003 8
663 1
285.003 3
365.003 3
366.003 1
368.002 2
498 6
153.002 12
31.01 3
167.003 3
486.002 3
140.003 5
491.001 1
232.003 6
233.002 7
233.003 3
277.003 4
278.003 3
161.002 9
294.002 4
297.001 16
464.001 2
157.005 2
157.006 2
516 2
517.001 1
518 2
519 1
399.003 3
399.004 3
400.002 5
400.003 2
400.004 2
490.001 3
492.001 1
326.002 3
326.003 3
8.003 4
8.004 2
207.01 1
486.001 5
190.003 3
8.005 1
8.05 1
8.06 1
114.006 1
114.007 1
114.008 1
114.009 1
206.006 1
217.002 4
217.003 3
242.003 2
243.002 4
500 4
194.004 1
195.004 2
248.003 2
498.001 1
504 3
227.003 2
298.003 4
299.002 8
471.001 2
474 4
474.001 2
485.004 1
220.002 5
220.003 2
218.002 6
398.003 4
390.002 1
294.003 1
295.003 1
296.003 3
434.001 3
17.01 4
328.002 5
328.003 2
219.002 8
219.003 3
235.003 2
369.003 1
154.0031 1
477.001 4
485.002 1
485.003 1
238.003 2
239.003 2
22.02 4
152.007 1
154.005 1
154.006 1
162.002 11
162.003 4
468.001 1
468.002 1
212.003 7
213.003 6
365.002 4
411.001 4
412.001 4
303.002 3
469.001 1
495 7
203.01 2
368.003 1
465.001 2
435.001 2
484.001 2
485.001 2
161.003 3
261.003 1
263.003 1
264.003 1
493.001 2
494.001 2
497.001 2
500.001 2
246.003 3
19.01 2
297.003 4
299.003 4
507 2
429.001 3
486.003 1
486.004 1
487.004 1
487.005 1
487.006 1
487.007 1
508 2
495.003 1
495.004 1
408.002 1
409.002 1
537 1
467.001 3
472.001 2
472.002 2
354.001 14
505 2
506 2
423.01 1
1.02 1
115.005 1
267.003 4
352.001 12
299.004 2
300.004 1
213.004 2
214.004 3
404.003 1
503.001 1
379.01 1
293.003 1
81.002 5
440.001 2
320.01 9
363.003 3
351.02 1
351.003 2
511 3
470.001 1
266.003 1
353.001 9
473.001 2
232.002 7
9.003 4
11.003 2
11.004 1
12.003 3
265.003 1
115.006 1
115.008 1
115.009 1
115.01 1
115.02 1
115.03 1
212.004 2
112.009 1
112.011 1
1.003 4
1.004 1
1.005 1
1.006 1
2.002 5
2.003 4
488.005 1
488.006 1
423.001 5
530 1
531 1
69.002 5
10.03 1
10.04 1
494.002 1
275.003 3
83.00176 1
476.001 3
479.001 3
480.001 3
350.01 4
380.01 2
160.001119 1
509 2
510 1
537.001 1
539 2
540 2
541 2
544.001 1
545 2
230.02 4
240.02 1
25.01 1
27.01 5
196.004 2
45.003 6
298.004 2
405.003 1
406.002 2
406.003 2
112.012 1
112.013 1
112.014 1
337.002 1
112.015 1
112.016 1
112.017 1
113.005 2
449.001 3
450.002 1
509.001 1
512 1
512.001 1
513 1
513.001 1
185.003 5
185.004 2
185.005 1
186.003 3
186.004 3
195.01 2
355.003 3
67.01 6
331.003 1
3.1 1
404.002 2
37.002 7
37.003 4
38.002 6
38.003 3
216.003 4
86.003 2
77.003 3
78.003 4
80.002 5
80.003 3
81.003 1
82.003 1
74.003 3
314.002 1
18.02 4
300.2 1
262.004 1
119.003 4
531.001 1
532 1
535.001 1
113.006 2
113.007 2
113.008 2
114.005 2
404.004 1
211.004 1
438.001 1
112.005 1
108.002 11
112.006 1
112.007 1
112.008 1
108.003 6
108.004 3
83.002 6
83.003 3
84.002 4
84.003 3
85.003 2
296.02 1
313.002 3
224.004 2
4.003 3
168.02 1
113.012 1
113.013 1
113.014 1
307.003 1
308.002 5
308.003 1
308.004 1
308.005 1
305.002 6
334.003 2
334.004 2
335.002 6
335.003 4
335.004 2
336.002 3
336.003 2
24.02 2
24.03 1
370.01 2
333.003 2
100.005 1
215.004 5
176.003 5
319.002 5
22.003 2
23.003 2
248.02 3
141.003 2
56.002 5
56.003 5
57.002 9
57.003 4
74.002 4
292.02 1
302.02 1
302.03 1
314.02 2
15.003 3
16.003 6
16.004 2
348.01 4
62.02 3
88.003 1
105.003 5
107.003 5
109.003 5
159.01 1
365.004 2
163.003 2
163.004 1
281.01 2
322.01 7
334.002 4
319.003 3
193.005 1
5.01 5
312.01 8
202.03 2
150.02 2
284.02 1
120.003 2
303.003 1
304.002 3
304.003 3
336.02 2
46.00316 1
46.004 2
53.003 3
54.003 4
55.002 6
55.003 4
113.009 1
113.01 3
113.011 1
103.005 1
60.002 6
60.003 1
61.002 10
62.003 4
64.003 6
65.003 4
63.01 7
41.00239 1
41.003 4
39.002 6
39.003 4
40.003 2
221.004 1
17.003 2
244.02 2
405.002 1
10.003 1
317.002 2
70.003 2
71.002 6
71.003 2
72.003 2
73.003 4
368.01 7
172.003 3
396.01 3
135.01 3
124.02 2
196.02 2
362.01 4
312.002 3
13.003 2
14.003 2
44.004 3
46.003 4
49.002 3
49.003 2
226.02 1
320.02 1
320.03 1
381.002 2
58.002 6
58.003 3
137.006 1
316.002 2
373.002 1
373.003 1
87.002 3
87.003 2
122.02 1
424.003 1
424.004 1
308.02 1
378.003 1
316.02 2
42.002 4
42.003 3
43.002 5
43.003 4
44.003 3
145.003 8
146.003 2
147.004 2
148.004 2
149.004 2
150.003 3
150.004 1
177.004 3
356.004 1
362.003 1
362.004 1
362.005 1
363.004 1
422.002 1
422.003 1
423.002 1
423.003 1
423.004 1
240.004 2
91.01 1
32.03 3
32.04 2
326.01 3
361.004 2
361.005 2
385.003 2
38.02 1
38.03 1
33.005 2
3.002 12
55.011 1
246.02 2
127.006 2
381.003 1
381.004 1
381.005 1
382.002 2
382.003 1
384.002 2
384.003 2
424.002 1
254.02 3
364.01 7
353.002 4
218.005 1
218.006 1
330.003 2
330.004 1
360.004 1
360.005 1
360.006 1
34.005 1
178.004 1
354.002 2
354.003 1
354.004 1
356.003 1
63.00128 1
64.004 1
64.005 1
406.01 3
50.02 3
50.03 2
132.02 1
248.03 2
248.04 1
128.006 2
3.003 5
230.03 2
262.02 1
207.0033 1
96.02 2
238.02 1
114.02 2
352.01 6
220.004 1
39.004 1
268.02 1
324.003 1
310.02 1
312.02 1
322.02 2
258.02 1
218.003 3
218.004 3
282.02 1
40.02 1
40.03 1
312.03 1
181.003 2
28.02 3
217.0044 1
217.005 1
256.02 1
209.007 1
209.008 1
209.009 1
270.02 1
126.02 1
298.0023 1
118.004 1
186.02 4
305.003 1
305.004 1
305.005 1
305.006 1
356.01 5
358.01 3
301.01 1
304.02 1
209.005 2
372.02 1
86.004 1
334.02 1
311.002 3
104.004 1
354.02 1
358.02 1
136.02 3
374.01 1
256.007 1
256.008 1
256.009 1
210.004 1
210.005 1
210.006 1
208.006 1
208.007 1
208.008 1
208.009 1
209.006 1
107.004 2
329.01 1
329.02 1
329.03 1
329.04 1
182.03 1
129.01 1
195.005 1
198.003 1
342.002 2
184.003 5
70.02 2
304.004 1
304.005 1
304.006 1
61.01 3
196.005 1
140.004 2
140.005 2
142.03 2
260.006 1
260.007 1
272.02 1
83.004 1
183.003 3
183.004 2
187.004 2
188.004 1
43.004 3
43.005 3
58.02 4
60.02 2
210.007 1
298.005 1
214.005 1
213.0078 1
74.004 1
74.005 1
74.006 1
74.007 1
232.02 3
232.03 1
232.04 1
232.05 1
232.06 1
214.02 1
213.005 1
213.006 1
213.007 1
213.009 1
110.004 3
110.005 3
110.006 1
110.007 1
216.004 2
147.01 1
105.004 3
106.004 2
1011 1
1012 1
1021 1
1032 1
149.01 2
151.02 1
45.004 2
45.005 2
401.003 1
401.004 1
402.002 3
402.003 1
402.004 1
100.011 2
66.02 2
153.006 1
151.005 1
42.00139 1
13.016 1
4.04 1
174.004 2
109.004 1
180.003 3
109.02 1
55.01 3
56.02 6
276.02 1
104.02 2
200.004 2
176.02 3
180.004 2
121.003 3
125.01 2
182.04 1
182.05 1
182.06 1
128.02 2
327.003 1
329.003 1
330.002 2
152.02 2
2.03 1
2.004 1
46.02 2
176.03 2
176.04 2
172.02 1
36.004 3
36.005 2
37.004 2
276.00277 1
201.0011 1
398.004 2
355.004 1
118.02 3
73.02 2
75.01 1
77.01 1
44.005 2
225.005 1
100.00228 1
160.005 1
160.006 1
162.03 1
162.04 1
361.01 2
146.02 1
148.02 1
59.01 4
61.011 1
63.02 2
65.01 4
225.006 1
226.004 1
1008.001 1
1010 1
1010.001 1
110.02 1
151.004 1
151.006 1
116.02 1
148.005 1
811 1
843 1
871 1
53.004 2
161.004 1
161.005 1
161.006 1
10.011 2
130.02 1
141.01 2
436.01 2
106.02 1
138.02 2
50.004 2
33.01 2
182.003 4
182.004 2
370.003 1
290.02 1
871.001 1
873 1
875 1
875.0011 1
879 1
888 1
899 1
901 1
961 1
986 1
1001 1
1006 1
1008 1
714 1
702 1
797 1
286.02 2
288.02 1
288.03 1
171.005 1
267.005 1
239.01 1
290.03 1
226.005 1
266.006 1
40.004 1
159.004 3
159.005 1
160.004 1
1785 1
328.02 1
56.004 2
56.005 1
56.006 1
56.007 1
228.004 1
171.003 2
171.004 1
175.004 1
179.004 2
62.004 1
271.006 1
158.02 1
14.004 1
54.004 3
55.004 2
55.005 1
270.006 1
134.006 1
58.004 1
172.004 1
173.003 2
173.004 1
58.005 1
158.005 1
158.006 1
181.004 2
1081 1
269.004 1
269.005 1
53.005 1
57.004 1
57.005 1
57.006 1
289.01 1
207.001208 1
119.004 1
97.01 2
250.0011 1
55.00131 1
24.0034 1
101.005 1
101.006 1
43.0012 1
271.007 1
272.005 1
272.006 1
338.003 1
102.005 1
102.006 1
102.007 1
34.02 2
36.02 1
352.002 2
171.01 1
344.004 1
345.003 1
345.004 1
345.005 1
126.0018 1
170.02 1
242.004 1
244.004 3
247.004 2
351.002 3
239.004 1
241.004 2
232.004 2
232.005 2
339.003 2
340.002 2
184.0044 1
184.005 1
350.005 1
348.004 1
245.004 2
392.01 2
112.1 2
350.002 3
350.003 2
350.004 2
391.005 1
392.002 2
61.004 2
246.004 1
392.003 1
392.004 1
351.004 1
333.004 1
311.003 2
311.004 2
311.005 2
524 2
173.01 1
312.003 1
312.004 1
312.005 1
313.003 1
313.004 1
343.003 1
119.01 1
63.003 3
478.01 1
341.0011 1
61.003 3
12.03 1
368.02 1
492.01 1
610.01 1
106.005 1
107.005 1
244.006 1
245.005 1
69.011 1
388.002 1
400213 1
244.005 1
330.04 1
399.005 1
399.006 1
403.003 1
23.0014 1
612.01 1
297.004 1
297.005 1
394.002 1
397.003 1
403.004 1
403.005 1
403.006 1
407.002 1
296.004 1
296.005 1
334.005 1
334.006 1
335.005 1
330.02 1
330.03 1
152.011 1
51.005 1
51.006 1
52.005 1
52.006 1
211.01 1
578.01 1
582 1
234.02 1
398.01 3
382.01 3
364.02 1
166.003 2
166.004 2
335.006 1
335.007 1
335.008 1
50.005 1
50.006 1
57.0011 1
556.001 1
49.004 1
49.005 1
401.01 1
31.005 1
69.003 2
155.01 1
335.009 1
336.004 1
336.005 1
336.006 1
336.007 1
394.01 1
1313 1
386.01 3
404.01 2
317.003 1
444.01 2
452.01 1
430.01 2
285.006 1
285.007 1
251.01 2
435.002 1
435.003 1
52.02 3
1214 1
156.02 1
2901 1
133.01 1
426.01 1
432.01 1
1545 1
480.01 2
44.007 1
45.006 1
160.02 1
1111204 1
410.01 1
210.02 2
210.03 1
210.04 1
222.02 1
414.01 2
337.003 1
337.004 1
337.005 1
337.006 1
5.004 1
526.01 1
484.01 1
418.01 1
385.004 1
385.005 1
2412 1
433.0021 1
433.002 1
439.001 1
134.0035 1
140147 1
181.005 1
45.007 1
46.005 1
46.006 1
46.007 1
166.02 1
166.03 1
116.03 1
310.005 1
44.006 1
206.0001 1
11.01 2
400.01 2
236.004 1
126.007 1
126.008 1
126.009 1
266.004 1
159.00101 1
127.007 1
127.008 1
169.01 2
235.004 1
125.011 1
125.02 1
199.005 1
125.007 1
233.004 1
233.005 1
233.006 1
180.02 1
176.004 1
177.005 1
277.004 1
278.004 2
434.002 1
234.004 1
234.005 1
56.03 1
57.02 1
60.03 1
163.01 1
69.02 2
69.03 1
65.02 1
66.03 1
67.02 1
67.03 1
67.04 1
128.007 1
128.008 1
128.009 1
61.03 1
63.03 1
4.03 1
20.1 1
26.1 1
32.1 1
38.1 1
48.1 1
56.1 1
39252 1
310.004 1
60.04 1
90.00244 1
61.02 1
3951 1
365.01 1
391.01 1
393.01 1
29.02 1
29.03 1
29.04 1
29.05 1
30.03 1
30.04 1
30.05 1
31.02 2
31.03 1
31.04 1
31.05 1
34.03 1
53.03 1
325.01 1
105.01 1
337.01 2
341.01 1
47.01 1
49.01 2
52.03 1
53.02 2
353.003 1
26.02 1
26.03 1
26.04 1
27.02 1
27.03 1
27.04 1
28.03 1
28.04 1
28.05 1
28.06 1
68.02 2
70.03 1
29.01 1
322.002 1
54.02 2
105.0011 1
135.02 1
288.005 1
288.006 1
24.1 1
50.1 2
51.1 1
100.1 1
142.1 1
177.1 1
32.05 1
33.02 1
33.03 1
33.04 1
33.05 1
33.06 1
16.1 1
92.1 1
136.1 1
235.01 1
243.01 1
245.01 1
245.02 1
251.02 1
603 1
34.04 1
35.01 1
35.02 1
35.03 1
35.04 1
35.05 1
39.01 1
43.01 1
43.02 1
45.02 1
303.01 1
303.02 1
323.01 1
231.01 1
271.01 1
108.1 1
159.1 1
214.1 1
293.01 1
216.005 1
216.006 1
216.007 1
383.002 2
257.01 1
512.01 1
378.01 1
18.1 2
70.1 1
154.1 1
224.1 1
1132 1
578 1
597 1
35.005 1
19.02 1
84.1 1
228.1 1
388.01 1
102.1 1
204.1 1
254.1 1
292.1 1
328.1 1
5.0001 1
42.02 1
93.01 1
93.02 1
141.02 1
143.01 1
143.02 1
438.01 1
12.1 1
104.1 1
170.1 1
302.1 1
334.1 1
23198 1
468.01 1
475.002 1
6.1 1
6.2 1
6.3 1
141.004 1
1213 1
123.01 1
288.1 1
139.01 1
139.02 1
21.02 1
21.03 1
335.01 1
335.02 1
335.03 1
336.03 1
337.02 1
337.03 1
2.1 2
120.1 1
258.1 1
258.2 1
322.1 1
324.1 1
324.2 1
324.3 1
185.01 1
434.01 1
34.1 1
126.1 1
144.1 1
