0 977
100001 1
100003 1
100004 1
100005 1
100007 1
100024 1
100025 1
100026 1
100027 1
100030 1
100032 1
100033 1
100034 1
100035 1
100037 1
100038 1
100039 1
100042 1
100043 1
100044 1
100045 1
100046 1
100047 1
100048 1
100049 1
100051 1
100052 1
100057 1
100058 1
100060 1
100064 1
100065 1
100066 1
100067 1
100068 1
100070 1
100072 1
100073 1
100074 1
100075 1
100076 1
100082 1
100083 1
100084 1
100085 1
100086 1
100087 1
100088 1
100089 1
100090 1
100092 1
100093 1
100094 1
100095 1
100096 1
100097 1
100098 1
100099 1
100100 1
100101 1
100102 1
100104 1
100105 1
100106 1
100107 1
100108 1
100111 1
100112 1
100113 1
100116 1
100117 1
100119 1
100120 1
100123 1
100124 1
100125 1
100126 1
100127 1
100128 1
100129 1
100130 1
100131 1
100132 1
100135 1
100136 1
100137 1
100138 1
100139 1
100141 1
100142 1
100146 1
100148 1
100149 1
100150 1
100155 1
100157 1
100158 1
100159 1
100161 1
100163 1
100164 1
100165 1
100166 1
100167 1
100168 1
100169 1
100170 1
100171 1
100172 1
100173 1
100174 1
100176 1
100177 1
100180 1
100182 1
100184 1
100186 1
100188 1
100190 1
100192 1
100194 1
100195 1
100196 1
100197 1
100198 1
100200 1
100201 1
100202 1
100204 1
100205 1
100207 1
100215 1
100216 1
100217 1
100218 1
100222 1
100223 1
100224 1
100225 1
100226 1
100227 1
100228 1
100229 1
100230 1
100231 1
100232 1
100233 1
100234 1
100235 1
100237 1
100238 1
100239 1
100240 1
100241 1
100242 1
100243 1
100244 1
100245 1
100246 1
100247 1
100249 1
100250 1
100256 1
100257 1
100258 1
100263 1
100264 1
100265 1
100266 1
100267 1
100270 1
100271 1
100272 1
100273 1
100274 1
100275 1
100276 1
100277 1
100278 1
100279 1
100282 1
100293 1
100307 1
100309 1
100310 1
100311 1
100312 1
100313 1
100315 1
100316 1
100317 1
100319 1
100320 1
100322 1
100323 1
100324 1
100325 1
100327 1
100329 1
100330 1
100331 1
100332 1
100333 1
100335 1
100336 1
100337 1
100338 1
100339 1
100349 1
100351 1
100352 1
100354 1
100355 1
100357 1
100358 1
100359 1
100361 1
100362 1
100363 1
100366 1
100367 1
100369 1
100370 1
100371 1
100377 1
100378 1
100379 1
100380 1
100381 1
100382 1
100383 1
100384 1
100385 1
100386 1
100387 1
100388 1
100389 1
100390 1
100391 1
100393 2
100394 1
100395 1
100397 1
100398 1
100399 1
100400 1
100403 1
100410 1
100411 1
100420 1
100423 1
100424 1
100425 1
100426 1
100427 1
100429 1
100430 1
100433 1
100434 1
100435 1
100436 1
100437 1
100438 1
100439 1
100441 1
100442 1
100443 1
100445 1
100446 1
100447 1
100448 1
100449 1
100450 1
100452 1
100453 1
100454 1
100455 1
100456 1
100457 1
100458 1
100459 1
100460 1
100461 1
100464 1
100467 1
100468 1
100472 1
100473 1
100474 1
100475 1
100476 1
100477 1
100478 1
100479 1
100480 1
100481 1
100482 1
100483 1
100484 1
100485 1
100487 1
100489 1
100491 1
100493 1
100494 1
100495 1
100496 1
100497 1
100498 1
100499 1
100500 1
100501 1
100505 1
100507 1
100510 1
100511 1
100512 1
100513 1
100514 1
100515 1
100519 1
100520 1
100522 1
100523 1
100524 1
100526 1
100527 1
100528 1
100529 1
100530 1
100531 1
100532 1
100533 1
100534 1
100535 1
100536 1
100537 1
100539 1
100540 1
100541 1
100543 1
100544 1
100547 1
100549 1
100550 1
100552 1
100553 1
100554 1
100556 1
100560 1
100562 1
100563 1
100564 1
100565 1
100566 1
100567 1
100568 1
100570 1
100571 1
100572 1
100573 1
100574 1
100576 1
100578 1
100579 1
100580 1
100581 1
100582 1
100583 1
100584 1
100585 1
100586 1
100588 1
100589 1
100590 1
100593 1
100594 1
100595 1
100596 1
100597 1
100599 1
100600 1
100601 1
100602 1
100603 1
100606 1
100607 1
100609 1
100610 1
100612 1
100613 1
100614 1
100615 1
100616 1
100617 1
100618 1
100619 1
100620 1
100622 1
100623 1
100624 1
100625 1
100628 1
100629 1
100630 1
100631 2
100633 1
100636 1
100637 1
100638 1
100639 1
100640 1
100642 1
100643 1
100644 1
100645 1
100646 1
100648 1
100649 1
100651 1
100652 1
100654 1
100655 1
100657 1
100658 1
100659 1
100661 1
100662 1
100664 1
100665 1
100666 1
100667 1
100668 1
100670 1
100671 1
100673 1
100674 1
100675 1
100677 1
100678 1
100679 1
100680 1
100681 1
100682 1
100683 1
100684 1
100685 1
100686 1
100687 1
100689 1
100690 1
100691 1
100694 1
100695 1
100697 1
100698 1
100699 1
100700 1
100701 1
100702 1
100703 1
100704 1
100705 1
100706 1
100707 1
100708 1
100709 1
100710 1
100711 1
100712 1
100713 1
100714 1
100715 1
100716 1
100719 1
100720 1
100721 1
100722 1
100724 1
100725 1
100726 1
100727 1
100728 1
100729 1
100730 1
100731 1
100732 1
100733 1
100734 1
100735 1
100736 1
100737 1
100739 1
100740 1
100741 1
100742 1
100743 1
100744 1
100745 1
100746 1
100748 1
100750 1
100751 1
100752 1
100753 1
100754 1
100755 1
100756 1
100757 1
100758 1
100759 1
100760 1
100761 1
100762 1
100763 1
100764 1
100769 1
100770 1
100771 1
100773 1
100774 1
100775 1
100776 1
100777 1
100778 1
100779 1
100781 1
100783 1
100784 1
100785 1
100786 1
100787 1
100788 1
100789 1
100790 1
100791 1
100795 1
100797 1
100799 1
100800 1
100801 1
100804 1
100805 1
100807 1
100808 1
100809 1
100810 1
100811 1
100813 1
100814 1
100816 1
100817 1
100827 1
100828 1
100829 1
100830 1
100831 1
100832 1
100833 1
100834 1
100836 1
100837 1
100843 1
100844 1
100845 1
100846 1
100847 1
100848 1
100851 1
100857 1
100858 1
100859 1
100860 1
100861 1
100862 1
100863 1
100864 1
100866 1
100868 1
100869 1
100870 1
100873 1
100874 1
100875 1
100876 1
100882 1
100885 1
100887 1
100889 1
100890 1
100891 1
100893 1
100894 1
100895 1
100896 1
100898 1
100900 1
100901 1
100906 1
100911 1
100913 1
100914 1
100915 1
100917 1
100918 1
100919 1
100921 1
100922 1
100923 1
100924 1
100928 1
100929 1
100930 1
100931 1
100932 1
100933 1
100934 1
100935 1
100936 1
100938 1
100940 1
100941 1
100942 1
100943 1
100944 1
100945 1
100947 1
100949 1
100951 1
100953 1
100954 1
100955 1
100956 1
100957 1
100958 1
100960 1
100962 1
100963 1
100964 1
100965 1
100966 1
100967 1
100968 1
100969 1
100970 1
100971 1
100974 1
100975 1
100976 1
100978 1
100980 1
100981 1
100982 1
100983 1
100984 1
100985 1
100986 1
100988 1
100991 1
100992 1
100994 1
100995 1
100996 1
100997 1
100999 1
101003 1
101004 1
101005 1
101006 1
101007 1
101008 1
101009 1
101010 1
101011 1
101012 1
101013 1
101015 1
101017 1
101019 1
101020 1
101021 1
101023 1
101025 1
101027 1
101028 1
101029 1
101030 1
101031 1
101032 1
101033 1
101035 1
101036 1
101037 1
101038 1
101039 1
101041 1
101042 1
101043 1
101044 1
101045 1
101046 1
101047 1
101048 1
101049 1
101050 1
101051 1
101052 1
101053 1
101054 1
101055 1
101056 1
101058 1
101059 1
101060 1
101062 1
101063 1
101064 1
101065 1
101066 1
101067 1
101068 1
101069 1
101070 1
101072 1
101074 1
101075 1
101076 1
101077 1
101079 1
101081 1
101082 1
101083 1
101084 1
101086 1
101087 1
101088 1
101090 1
101092 1
101093 1
101094 1
101097 1
101098 1
101099 1
101101 1
101102 1
101104 1
101105 1
101108 1
101109 1
101110 1
101111 1
101112 1
101113 1
101118 1
101119 1
101121 1
101122 1
101123 1
101124 1
101125 1
101126 1
101129 1
101131 1
101132 1
101134 1
101135 1
101136 1
101137 1
101138 1
101139 1
101140 1
101141 1
101142 1
101143 1
101144 1
101145 1
101146 1
101151 1
101152 1
101153 1
101154 1
101156 1
101157 1
101159 1
101160 1
101161 1
101162 1
101164 1
101165 1
101167 1
101168 1
101170 1
101173 1
101174 1
101175 1
101176 1
101177 1
101178 1
101179 1
101180 1
101182 1
101183 1
101184 1
101185 1
101186 1
101187 1
101188 1
101191 1
101192 1
101193 1
101194 1
101196 1
101199 1
101200 1
101201 1
101203 1
101204 1
101205 1
101206 1
101207 1
101208 1
101209 1
101210 1
101212 1
101213 1
101214 1
101215 1
101218 1
101219 1
101220 1
101221 1
101259 1
101260 1
101261 1
101262 1
101263 1
101265 1
101274 1
101280 1
101281 1
101282 1
101283 1
101285 1
101286 1
101287 1
101288 1
101290 1
101291 1
101292 1
101293 1
101295 1
101296 1
101297 1
101298 1
101299 1
101300 1
101301 1
101302 1
101303 1
101304 1
101305 1
101306 1
101307 1
101308 1
101309 1
101311 1
101312 1
101313 1
101314 1
101315 1
101316 1
101317 1
101318 1
101319 1
101321 1
101322 1
101326 1
101327 1
101328 1
101330 1
101331 1
101332 1
101333 1
101334 1
101335 1
101336 1
101337 1
101338 1
101339 1
101340 1
101341 1
101342 1
101343 1
101344 1
101345 1
101346 1
101347 1
101348 1
101352 1
101354 1
101355 1
101356 1
101357 1
101358 1
101359 1
101360 1
101753 1
102805 1
103219 1
103278 1
103617 1
103886 1
103900 1
103907 1
103914 1
104000 1
104455 2
104731 1
104755 1
104795 1
104804 1
105471 1
105504 1
105888 1
105889 1
105890 1
105891 1
105892 1
105893 1
105894 1
105895 1
105896 1
105897 1
105898 1
105899 1
105901 1
105902 1
105903 1
105904 1
105905 1
105906 1
105907 1
105908 1
105909 1
105910 1
105912 1
105914 1
105916 1
105918 1
105921 1
105922 1
105923 1
105924 1
105925 1
105928 1
105929 1
105930 1
105931 1
105932 1
105933 1
105934 1
105935 1
105936 1
105937 1
105938 1
105939 1
105941 1
105942 1
105943 1
105944 1
105945 1
105962 1
105963 1
105964 1
105966 1
105967 1
105968 1
105969 1
105972 1
105973 1
105974 1
105975 1
105976 1
105977 1
105978 1
105980 1
105981 1
105983 1
105984 1
105985 1
105986 1
105987 1
105988 1
105990 1
105991 1
105996 1
105997 1
106000 1
106002 1
106003 1
106004 1
106005 1
106006 1
106007 1
106008 1
106011 1
106012 1
106014 1
106016 1
106017 1
106020 1
106021 1
106022 1
106024 1
106025 1
106026 1
106027 1
106029 1
106030 1
106031 1
106033 1
106034 1
106035 1
106036 1
106037 1
106038 1
106069 1
106080 1
106085 1
106086 1
106087 1
106354 1
106355 1
106356 1
106357 1
106358 1
106359 1
106360 1
106361 1
106364 1
106366 1
106367 1
106369 1
106370 1
106372 1
106374 1
106375 1
106376 1
106377 1
106378 1
106379 1
106381 1
106382 1
106383 1
106385 1
106386 1
106387 1
106388 1
106389 1
106390 1
106391 1
106392 1
106394 1
106395 1
106396 1
106397 1
106398 1
106403 1
106404 1
106405 1
106406 1
106414 1
106415 1
106416 1
106417 1
106418 1
106419 1
106421 1
106423 1
106426 1
106427 1
106428 1
106429 1
106430 1
106431 1
106432 1
106433 1
106434 1
106435 1
106436 1
106437 1
106438 1
106439 1
106441 1
106444 1
106446 1
106447 1
106448 1
106449 1
106450 1
106451 1
106453 1
106454 1
106457 1
106458 1
106465 1
106466 1
106467 1
106468 1
106469 1
106470 1
106471 1
106472 1
106473 1
106475 1
106477 1
106478 1
106479 1
106480 1
106481 1
106483 1
106484 1
106485 1
106486 1
106487 1
106488 1
106490 1
106491 1
106492 1
106493 1
106494 1
106495 1
106496 1
106497 1
106498 1
106499 1
106509 1
106510 1
106511 1
106512 1
106513 1
106514 1
106519 1
106521 1
106522 1
106523 1
106524 1
106525 1
106526 1
106528 1
106536 1
106537 1
106538 1
106539 1
106541 1
106542 1
106544 1
106545 1
106546 1
106547 1
106548 1
106549 1
106550 1
106552 1
106555 1
106566 1
106567 1
106574 1
106575 1
106576 1
106577 1
106578 1
106580 1
106581 1
106582 1
106583 1
106584 1
106585 1
106586 1
106587 1
106588 1
106589 1
106590 1
106591 1
106592 1
106595 1
106596 1
106598 1
106600 1
106601 2
106604 1
106605 1
106606 1
106608 1
106609 1
106611 1
106612 1
106613 1
106614 1
106616 1
106617 1
106618 1
106619 1
106620 1
106621 1
106622 1
106626 1
106627 1
106628 1
106629 1
106630 1
106631 1
106632 1
106633 1
106634 1
106635 1
106636 1
106638 1
106639 1
106640 1
106641 1
106643 1
106644 1
106646 1
106647 1
106648 1
106649 1
106650 1
106651 1
106652 1
106653 1
106655 1
106656 1
106657 1
106658 1
106659 1
106660 1
106661 1
106663 1
106664 1
106665 1
106668 1
106669 1
106670 1
106672 1
106673 1
106674 1
106675 1
106678 1
106680 1
106681 1
106682 1
106683 1
106684 1
106685 1
106686 1
106687 1
106688 1
106689 1
106690 1
106692 1
106694 1
106695 1
106697 1
106698 1
106701 1
106702 1
106707 1
106708 1
106710 1
106711 1
106712 1
106713 1
106714 1
106715 1
106716 1
106718 1
106719 1
106720 1
106721 1
106722 1
106723 1
106724 1
106725 1
106726 1
106727 1
106728 1
106729 1
106731 1
106734 1
106735 1
106736 1
106737 1
106738 1
106739 1
106740 1
106741 1
106743 1
106744 1
106745 1
106746 1
106749 1
106753 1
106755 1
106756 1
106757 1
106759 1
106760 1
106761 1
106762 1
106763 1
106764 1
106765 1
106770 1
106772 1
106773 1
106774 1
106777 1
106778 1
106779 1
106780 1
106781 1
106783 1
106784 1
106785 1
106786 1
106787 1
106788 1
106790 1
106791 1
106792 1
106793 1
106795 1
106796 1
106798 1
106799 1
106800 1
106802 1
106806 1
106807 1
106808 1
106812 1
106813 1
106814 1
106816 1
106817 1
106821 1
106825 1
106826 1
106827 1
106828 1
106829 1
106830 1
106831 1
108622 1
108623 1
108626 1
108627 1
108628 1
108630 1
108631 1
108633 1
108634 1
108635 1
108636 1
108638 1
108639 1
108640 1
108641 1
108642 1
108643 1
108644 1
108645 1
108646 1
108647 1
108650 1
108653 1
108654 1
108655 1
108656 1
108657 1
108658 1
108659 1
108660 1
108661 1
108662 1
108663 1
108664 1
108665 1
108666 1
108668 1
108669 1
108670 1
108672 1
108674 1
108676 1
108677 1
108678 1
108679 1
108680 1
108681 1
108682 1
108683 1
108684 1
108685 1
108690 1
108691 1
108734 1
108809 1
109122 1
109123 1
109855 1
109856 1
109857 1
109858 1
109859 1
109860 1
110573 1
110576 1
110577 1
110578 1
110579 1
110580 1
110581 1
110582 1
110585 1
110589 1
110590 1
110591 1
110592 1
110596 1
110597 1
110600 1
110601 1
110602 1
110604 1
110606 1
110608 1
110610 1
110611 1
110614 1
110615 1
110617 1
110618 1
110619 1
110620 1
110621 1
110623 1
110629 1
110631 1
110632 1
110635 1
110637 1
110638 1
111242 1
111315 1
111316 1
111318 1
111320 1
111321 1
111724 1
111739 1
111740 1
111741 1
111742 1
111743 1
111744 1
111745 1
111892 1
112290 1
112613 1
112614 1
112650 1
112651 1
112652 1
112653 1
112659 1
112714 1
1796 1
200000 1
200003 1
200004 1
200005 1
200006 1
200007 1
200008 1
200009 1
200010 1
200011 1
200012 1
200014 1
200016 1
200017 1
200024 1
200027 1
200028 1
200029 1
200030 1
200031 1
200032 1
200033 1
200034 1
200035 1
200037 1
200038 1
200087 1
200088 1
200090 1
200091 1
200092 1
200093 1
200094 1
200095 1
200098 1
200099 1
200100 1
200101 1
200102 1
200103 1
200104 1
200106 1
200107 1
200108 1
200110 1
200113 1
200114 1
200115 1
200116 1
200121 1
200122 1
200123 2
200124 1
200127 1
200134 1
200159 1
200160 1
200162 1
200163 1
200164 1
200165 1
200166 1
200168 1
200176 1
200184 1
200187 1
200190 1
200192 1
200195 1
200197 1
200199 1
200200 1
200201 1
200221 1
200238 1
200240 1
200241 1
200242 1
200243 1
200244 1
200245 1
200247 1
200248 1
200254 1
200256 1
200257 1
200258 1
200259 1
200260 1
200261 1
200263 1
200264 1
200266 1
200268 1
200269 1
200270 1
200274 1
200275 1
200276 1
200278 1
200286 1
200288 1
200289 1
200291 1
200292 1
200297 1
200298 1
200299 1
200305 1
200307 1
200309 1
200312 1
200313 1
200314 1
200316 1
200317 1
200318 1
200323 1
200333 1
200336 1
200340 1
200360 1
200367 1
200369 1
200370 1
200372 1
200379 1
200380 1
200381 1
200383 1
200384 1
200385 1
200388 1
200393 1
200394 1
200395 1
200396 1
200398 1
200399 1
200401 1
200402 1
200403 1
200404 1
200405 1
200406 1
200407 1
200408 1
200409 1
200410 1
200411 1
200412 1
200413 1
200414 1
200415 1
200416 1
200417 1
200418 1
200419 1
200420 1
200421 1
200422 1
200423 1
200424 1
200425 1
200426 1
200427 1
200428 1
200429 1
200430 1
200431 1
200432 1
200433 1
200434 1
200435 1
200438 1
200439 1
200440 1
200441 2
200443 1
200446 1
200449 1
200454 1
200455 1
200464 1
200465 1
200466 1
200467 1
200468 1
200470 1
200471 1
200472 1
200473 1
200474 1
200475 1
200476 1
200477 1
200478 1
200479 1
200480 1
200481 1
200482 1
200483 1
200484 1
200485 1
200486 1
200487 1
200488 1
200489 1
200490 1
200491 1
200492 1
200493 1
200495 1
200498 1
200499 1
200500 1
200501 1
200502 1
200503 1
200504 1
200505 1
200506 1
200507 1
200509 1
200510 1
200511 1
200516 1
200517 1
200518 1
200519 1
200520 1
200521 1
200524 1
200525 1
200526 1
200527 1
200528 1
200536 1
200541 1
200542 1
200545 1
200547 1
200548 1
200549 1
200550 1
200552 1
200553 1
200554 1
200555 1
200557 1
200558 1
200560 1
200561 1
200562 1
200563 1
200565 1
200567 1
200568 1
200569 1
200573 1
200574 1
200575 1
200576 1
200579 1
200580 1
200583 1
200584 1
200585 1
200586 1
200589 1
200590 1
200591 1
200592 1
200593 1
200595 1
200596 1
200598 1
200599 1
200600 1
200601 1
200603 1
200604 1
200605 1
200607 1
200608 1
200610 1
200611 1
200612 1
200613 1
200614 1
200615 1
200616 1
200617 1
200618 1
200619 1
200620 1
200621 1
200622 1
200623 1
200624 1
200625 1
200626 1
200627 1
200628 1
200629 1
200631 1
200637 1
200638 1
200641 1
200642 1
200643 1
200644 1
200645 1
200648 1
200649 1
200650 1
200651 1
200653 1
200654 1
200655 1
200656 1
200657 1
200658 1
200659 1
200660 1
200662 1
200666 1
200667 1
200668 2
200670 1
200674 1
200675 1
200676 1
200677 1
200678 1
200679 1
200680 1
200682 2
200683 1
200685 1
200686 1
200687 1
200688 1
200689 1
200690 1
200691 1
200692 1
200693 1
200694 1
200695 1
200697 1
200698 1
200699 1
200700 1
200706 1
200707 1
200708 1
200709 1
200710 1
200711 1
200712 1
200713 1
200714 1
200715 1
200716 1
200717 1
200718 1
200719 1
200720 1
200721 1
200722 1
200723 1
200724 1
200725 1
200726 1
200727 1
200728 1
200729 1
200730 1
200731 1
200732 1
200733 1
200734 1
200735 1
200736 1
200738 1
200740 1
200741 1
200742 1
200745 1
200747 1
200749 1
200750 1
200751 1
200752 1
200753 1
200754 1
200755 1
200756 1
200759 1
200760 1
200761 1
200762 1
200763 1
200764 1
200765 1
200766 1
200768 1
200769 1
200771 1
200772 1
200773 1
200782 1
200783 1
200784 1
200785 1
200786 1
200787 1
200788 1
200794 1
200795 1
200798 1
200799 1
200800 1
200801 1
200802 1
200803 1
200804 1
200805 1
200807 1
200808 1
200809 1
200810 1
200812 1
200813 1
200814 1
200815 1
200816 1
200817 1
200818 1
200819 1
200820 1
200822 1
200825 1
200826 1
200827 1
200828 1
200838 1
200839 1
200840 1
200849 1
200850 1
200851 1
200852 1
200853 1
200855 1
200856 1
200857 1
200858 1
200859 1
200860 1
200861 1
200862 1
200863 1
200864 1
200867 1
200868 1
200869 1
200870 1
200873 1
200874 1
200876 1
200877 1
200880 1
200882 1
200883 1
200884 1
200885 1
200888 1
200890 1
200891 2
200894 1
200895 1
200896 1
200897 1
200898 1
200899 1
200900 1
200901 1
200906 1
200907 1
200908 1
200909 1
200910 1
200912 1
200913 1
200914 1
200918 1
200919 1
200921 1
200922 1
200923 1
200924 1
200925 1
200926 1
200927 1
200935 1
200936 1
200939 1
200940 1
200941 1
200942 1
200943 1
200945 1
200946 1
200947 1
200948 1
200949 1
200950 1
200952 1
200953 1
200954 1
200955 1
200956 1
200957 1
200958 1
200959 1
200962 1
200963 1
200966 1
200968 1
200970 1
200972 1
200973 1
200974 1
200975 1
200976 1
200977 1
200978 1
200981 1
200983 1
200984 1
200985 1
200986 1
200987 1
200988 1
200989 1
200990 1
200991 1
200992 1
200994 1
200996 1
201000 1
201001 1
201002 1
201003 1
201004 1
201005 1
201006 1
201007 1
201008 2
201009 1
201015 1
201016 1
403998 1
404002 1
404004 1
404006 1
404007 1
404008 1
404010 1
404011 1
404012 1
404014 1
404016 1
404017 1
404018 1
404019 1
404020 1
404021 1
404022 1
404023 1
404025 1
404026 1
404028 1
404029 1
404030 1
404031 1
404032 1
404033 1
404034 1
404035 1
404037 1
404039 1
404040 1
404041 1
404043 1
404044 1
404046 1
404049 1
404050 1
404073 1
404074 1
404076 1
404095 1
404102 1
404104 1
404107 1
404108 1
404109 1
404110 1
404111 1
404112 1
404117 1
404119 1
404122 1
404124 1
404125 1
404126 1
404128 1
404129 1
404130 1
404131 1
404133 1
404134 1
404135 1
404136 1
404137 1
404138 1
404139 1
404140 1
404142 1
404147 1
404148 1
404149 1
404150 1
404152 1
404153 1
404157 1
404158 1
404160 1
404161 1
404162 1
404163 1
404164 1
404165 1
404166 1
404167 1
404168 1
404169 1
404170 1
404171 1
404172 1
404173 1
404174 1
404175 1
404177 1
404179 1
404180 1
404181 1
404183 1
404184 1
404186 1
404187 1
404188 1
404189 1
404190 1
404191 1
404195 1
404196 1
404211 1
404212 1
404217 1
404223 1
404225 1
404235 1
404241 1
404243 1
404246 1
404247 1
404248 1
404249 1
404250 1
404251 1
404286 1
404290 1
404291 1
404293 1
404309 1
404310 1
404313 1
404314 1
404315 1
404316 1
404317 1
404342 1
404373 1
404374 1
404375 1
404376 1
404378 1
404379 1
404389 1
404392 1
404394 1
404399 1
404400 1
404401 1
404402 1
404403 1
404404 1
404405 1
404406 1
404407 1
404408 1
404409 1
404410 1
404411 1
404412 1
404413 1
404414 1
404415 1
404416 1
404417 1
404418 1
404419 1
404420 1
404421 1
404422 1
404423 1
404424 1
404425 1
404426 1
404427 1
404428 1
404429 1
404432 1
404435 1
404438 1
40444 1
404442 1
404489 1
404494 1
404501 1
404508 1
404509 1
404512 1
404514 1
404516 1
404517 1
404518 1
404519 1
404520 1
404522 1
404530 1
404531 1
404532 1
404535 1
404536 1
404537 1
404540 1
404541 1
404542 1
404543 1
404544 1
404545 1
404546 1
404549 2
404557 1
404558 1
404560 1
404562 1
404563 1
404565 1
404566 1
404567 1
404570 1
404572 1
404574 1
404575 1
404576 1
404577 1
404578 1
404579 1
404580 1
404581 1
404582 1
404586 1
404588 1
404589 1
404590 1
404591 1
404592 1
404593 1
404594 1
404596 1
404597 1
404598 1
404600 1
404601 1
404602 1
404603 1
404604 1
404605 1
404606 1
404607 1
404608 1
404609 1
404610 1
404612 1
404613 1
404614 1
404618 1
404619 1
404620 1
404786 1
404798 1
404799 1
404800 1
404801 1
404802 1
404814 1
404817 1
404818 1
404819 1
404822 1
404825 1
404826 1
404827 1
404828 1
404831 1
404832 1
404834 1
404835 1
404836 1
404837 1
404839 1
404840 1
404841 1
404842 1
404844 1
404845 1
404846 1
404847 1
404848 1
404850 1
404851 1
404852 1
404856 1
404857 1
404869 1
404870 1
404871 1
404874 1
404875 1
404884 1
404886 1
404888 1
404892 1
404893 1
404894 1
404895 1
404896 1
404897 1
404900 1
404901 1
404904 1
404905 1
404907 1
404908 1
404909 1
404910 1
404911 1
404912 1
404913 1
404914 1
404926 1
404931 1
404932 1
404933 1
404935 1
404936 1
404937 1
404938 1
404939 1
404943 1
404945 1
404949 1
404951 1
404952 1
404953 1
404954 1
404955 1
404957 1
404958 1
404959 1
404960 1
404961 1
404963 1
404964 1
404968 1
404969 1
404973 1
404974 1
404977 1
404978 1
404979 1
404980 1
404981 1
404982 1
404983 1
404984 1
404985 1
404988 1
404993 1
404994 1
404995 1
404996 1
404997 1
404998 1
404999 1
405000 1
405001 1
405002 1
405003 1
405004 1
405006 1
405007 1
405009 1
405010 1
405011 1
405013 1
405016 1
405017 1
405020 1
405021 1
405031 1
405032 1
405033 1
405034 1
405035 1
405036 1
405037 1
405038 1
405039 1
405040 1
405041 1
405042 1
405043 1
405044 1
405045 1
405047 1
405049 1
405053 1
405054 1
405055 1
405056 1
405058 1
405059 1
405060 1
405061 1
405062 1
405063 1
405064 1
405067 1
405068 1
405070 1
405071 1
405072 1
405073 1
405074 1
405076 1
405077 1
405078 1
405080 1
405081 1
405082 1
405083 1
405087 1
405088 1
405090 1
405091 1
405092 1
405093 1
405094 1
405095 1
405096 1
405097 1
405098 1
405099 1
405100 1
405101 1
405102 1
405103 1
405105 1
405106 1
405107 1
405108 1
405109 1
405110 1
405111 1
405112 1
405113 1
405114 1
405115 1
405116 1
405117 1
405119 1
405121 1
405122 1
405123 1
405125 1
405126 1
405127 1
405128 1
405129 1
405130 1
405131 1
405132 1
405133 1
405134 1
405135 1
405136 1
405137 1
405140 1
405142 1
405144 1
405145 1
405146 1
405147 1
405148 1
405149 1
405177 1
405178 1
405182 1
405183 1
405184 1
405185 1
405188 1
405190 1
405191 1
405192 1
405193 1
405194 2
405195 1
405196 1
405199 1
405200 1
405201 1
405202 1
405203 1
405204 1
405205 1
405206 1
405208 1
405209 1
405210 1
405211 1
405212 1
405214 1
405215 1
405216 1
405217 1
405222 1
405225 1
405226 1
405227 1
405230 1
405231 1
405239 1
405240 1
405248 1
405249 1
405251 1
405252 1
405254 1
405255 1
405267 1
405270 1
405271 1
405274 1
405278 1
405282 1
405287 1
405302 1
405303 1
405304 1
405307 1
405308 1
405309 1
405312 1
405313 1
405327 1
405328 1
405333 1
405334 1
405342 1
405343 1
405344 1
405345 1
405346 1
405347 1
405348 1
405351 1
405353 1
405354 1
405355 1
405356 1
405357 1
405358 1
405359 1
405360 1
405361 1
405362 1
405363 1
405364 1
405379 1
405380 1
405399 1
405404 1
405405 1
405406 1
405415 1
405418 1
405421 1
405425 2
405426 1
405431 1
405432 1
405434 1
405437 1
405440 1
405441 1
405442 1
405443 1
405444 1
405446 1
405447 1
405448 1
405449 1
405457 1
405458 1
405460 1
405462 1
405463 1
405464 1
405466 1
405467 1
405468 1
405469 1
405470 1
405471 1
405472 1
405475 1
405476 1
405477 1
405478 1
405484 1
405489 1
405490 1
405493 1
405502 1
405508 1
405515 1
405516 1
405523 1
405524 1
405527 1
405528 1
405547 1
405549 1
405552 1
405568 1
405581 1
405585 1
405587 1
405588 1
405589 1
405590 1
405592 1
405593 1
405594 1
405595 1
405597 1
405598 1
405600 1
405606 1
405607 1
405610 1
405611 1
405612 1
405613 1
405614 1
405620 1
405622 1
405623 1
405634 1
405635 1
405637 1
405639 2
405640 1
405641 1
405642 1
405646 1
405649 1
405650 1
405651 1
405652 1
405659 1
405661 1
405663 1
405664 1
405668 1
405669 1
405670 1
405672 1
405697 1
405698 1
405699 1
405700 1
405701 1
405702 1
405703 1
405704 1
405705 1
405706 1
405707 1
405708 1
405709 1
405710 1
405711 1
405712 1
405713 1
405714 1
405715 1
405716 1
405717 1
405720 1
405721 1
405722 1
405723 1
405725 1
405765 1
405787 1
405791 1
405792 1
405808 1
405809 1
405810 1
405811 1
405813 1
405814 1
405815 1
405816 1
405819 1
405824 1
405852 1
405853 1
405854 1
405855 1
405856 1
405859 1
405865 1
405867 1
405874 1
405876 1
405877 1
405878 1
405880 1
405881 1
405897 1
405899 1
405900 1
405902 1
405904 1
405906 1
405909 1
405916 1
405924 1
405927 1
405929 1
405933 1
405950 1
405951 1
405952 1
405953 1
405954 1
405955 1
405956 1
405958 1
405959 1
405960 1
405961 1
405962 1
405963 1
405965 1
405966 1
405968 1
405969 1
405971 1
405972 1
405973 1
405974 1
405975 1
405976 1
405977 1
405981 1
405988 1
405990 1
405991 1
405993 1
405994 1
406000 2
406001 1
406002 1
406015 1
406016 1
406021 1
406022 1
406023 1
406024 2
406025 1
406029 1
406034 1
406035 1
406038 1
406042 1
406043 1
406044 1
406047 1
406048 1
406053 1
406061 1
406065 1
406066 1
406068 1
406069 1
406070 1
406071 1
406072 1
406075 1
406076 2
406078 1
406119 1
406133 1
406134 1
406135 1
406155 1
406156 1
406157 1
406163 1
406164 1
406166 1
406169 1
406170 1
406171 1
406172 1
406174 1
406182 1
406183 1
406184 1
406185 1
406186 1
406187 1
406191 1
406194 1
406195 1
406197 1
406206 1
406212 1
406217 1
406271 1
406272 1
406275 1
406284 1
406285 1
406288 1
406319 1
406321 1
406322 1
406323 1
406358 1
406366 1
406414 1
406415 1
406416 1
406418 1
406419 1
406420 1
406421 1
406422 1
406423 1
406424 1
406425 1
406427 1
406430 1
406431 1
406462 1
406463 1
406474 1
406476 1
406478 1
406499 1
406503 1
406504 1
406508 1
406516 1
406518 1
406519 1
406528 1
406533 1
406549 1
406550 1
406551 1
406557 1
406559 1
406575 1
406576 1
406578 1
406592 1
406593 1
406594 1
406596 1
406597 1
406600 1
406601 1
406602 1
406603 1
406644 1
406646 1
406647 1
406701 1
406702 1
406704 1
406706 1
406707 1
406709 1
406710 1
406728 1
406733 1
406735 1
406736 1
406737 1
406739 1
406741 1
406743 1
406744 1
406745 1
406751 1
406754 1
406755 1
406756 1
406758 1
406760 1
406762 1
406763 1
406768 1
406769 1
406771 1
406772 1
406774 1
406776 1
406833 1
406834 1
406837 1
406838 1
406839 1
406841 1
406845 1
406846 2
406847 2
406849 1
406915 1
406916 1
406919 1
406929 1
406930 1
406931 1
406932 1
406933 1
406934 1
406935 1
406993 1
406994 1
406996 1
406997 1
406998 1
406999 1
407001 1
407003 1
407011 1
407013 1
407016 1
407017 1
407018 1
407034 1
407039 1
407040 1
407041 1
407042 1
407043 1
407044 1
407045 1
407046 1
407047 1
407071 1
407103 1
407105 1
407106 1
407107 1
407113 1
407139 1
407141 1
407142 1
407143 1
407148 1
407151 1
407159 1
407160 1
407161 1
407166 1
407167 1
407171 1
407172 1
407178 1
407179 1
407180 1
407187 1
407188 1
407190 1
407191 1
407192 1
407206 1
407207 1
407210 2
407219 1
407220 1
407222 1
407232 1
407233 1
407234 1
407235 1
407236 1
407237 1
407247 1
407248 1
407249 1
407263 1
407264 1
407269 1
407270 1
407273 1
407274 1
407275 1
407277 1
407280 1
407285 1
407287 1
407294 1
407295 1
407299 1
407300 1
407309 1
407310 1
407311 1
407331 1
407334 1
407339 1
407342 1
407343 1
407344 1
407356 1
407358 1
407360 1
407363 1
407365 1
407377 1
407383 1
407385 1
407386 1
407390 1
407391 1
407392 1
407393 1
407394 1
407400 1
407401 1
407402 1
407456 1
407457 1
407458 1
407459 1
407460 1
407461 1
407462 1
407463 1
407464 1
407465 1
407467 1
407469 1
407470 1
407494 1
407496 1
407498 1
407499 1
407501 1
407506 1
407507 2
407508 1
407513 1
407515 1
407516 1
407517 1
407518 1
407520 1
407523 1
407524 1
407528 1
407530 1
407550 1
407551 1
407552 1
407554 1
407555 1
407556 1
407557 1
407558 1
407559 1
407575 1
407576 1
407577 1
407612 1
407623 1
407624 1
407626 1
407627 1
407632 1
407633 1
407634 1
407636 1
407642 1
407644 1
407645 1
407652 1
407653 1
407654 1
407656 1
407657 1
407659 1
407665 1
407670 1
407672 1
407684 1
407693 1
407697 1
407699 1
407706 1
407707 1
407709 1
407710 1
407717 1
407725 1
407729 1
407734 1
407741 1
407760 1
407793 1
407841 1
407845 1
407862 1
407876 1
407882 1
407884 1
407887 1
407888 1
407889 1
407891 1
407892 1
407893 1
407894 1
407896 1
407899 1
407900 1
407909 1
407914 1
407916 1
407917 1
407923 1
407924 1
407925 1
407933 1
407934 1
407937 1
407959 1
407960 2
407961 1
407975 1
407979 1
407986 1
407999 1
408001 1
408002 1
408021 1
408022 1
408052 1
408053 1
408062 1
408083 1
408087 1
408088 1
408107 1
408109 1
408110 1
408125 1
408127 1
408134 1
408136 1
408140 1
408141 1
408142 1
408143 1
408144 1
408145 1
408146 1
408147 1
408151 1
408166 1
408181 1
408184 1
408186 1
408197 1
408199 1
408233 1
408234 1
408248 1
408249 1
408253 1
408279 1
408287 2
408288 1
408289 1
408291 1
408297 1
408366 1
408373 1
408374 1
408375 1
408398 1
408399 1
408400 1
408424 1
408426 1
408427 1
408430 1
408461 1
408477 1
408512 1
408514 1
408516 1
408517 1
408522 1
408523 1
408524 1
408528 1
408529 1
408530 1
408533 1
408535 1
408537 1
408540 1
408541 1
408542 1
408547 1
408549 1
408550 1
408554 1
408555 1
408556 1
408557 1
408558 1
408559 1
408560 1
408572 1
408574 1
408575 1
408576 1
408577 1
408579 1
408580 1
408582 1
408593 1
408594 1
408595 1
408596 1
408597 1
408600 1
408601 1
408605 1
408606 1
408788 1
408791 1
408795 1
408797 1
408798 1
408799 1
408826 1
408827 1
408853 1
408862 1
408863 1
408866 1
408867 1
408868 1
408871 1
408872 1
408874 1
408877 1
408879 1
408881 1
408882 1
408883 1
408884 1
408885 1
408886 1
408887 1
408888 1
408895 1
408899 1
408900 1
408901 1
408903 1
408910 1
408939 1
408941 1
408942 1
408960 1
408964 1
408966 1
408971 1
408972 1
408973 1
408974 1
408975 1
408999 1
409003 1
409004 1
409005 1
409006 1
409007 1
409008 1
409009 1
409012 1
409084 1
409095 1
409096 1
409097 1
409098 1
409099 1
409102 1
409103 1
409104 1
409105 1
409106 1
409107 1
409109 1
409111 1
409112 1
409113 1
409115 1
409116 1
409119 1
409120 2
409122 1
409126 1
409130 1
409131 1
409134 1
409135 1
409145 1
409146 1
409158 1
409159 1
409160 1
409164 1
409165 1
409166 1
409168 1
409169 1
409171 1
409172 1
409173 1
409174 1
409175 1
409180 1
409181 1
409185 1
409190 1
409193 1
409194 1
409199 1
409200 1
409203 1
409204 1
409205 1
409206 1
409207 1
409208 1
409209 1
409210 1
409211 1
409213 1
409214 1
409218 1
409219 1
409222 1
409223 1
409228 1
409230 1
409233 1
409252 1
409260 1
409262 1
409264 1
409267 1
409268 1
409270 1
409272 1
409273 1
409274 1
409275 1
409276 1
409277 1
409278 1
409279 1
409280 1
409281 1
409283 1
409284 1
409285 1
409291 1
409292 1
409293 1
409294 1
409295 1
409302 1
409303 1
409304 1
409305 1
409306 1
409307 1
409308 1
409309 1
409310 1
409311 1
409316 1
409318 1
409319 1
409320 1
409321 1
409323 1
409325 1
409326 1
409327 1
409328 1
409329 1
409331 1
409332 1
409333 1
409334 1
409337 1
409342 1
409344 1
409347 1
409349 1
409352 1
409353 1
409363 1
409364 1
409365 1
409367 1
409376 1
409379 1
409380 1
409382 1
409383 1
409384 1
409385 1
409387 1
409388 1
409389 1
409390 1
409394 1
409395 1
409398 1
409400 1
409410 1
409411 1
409412 1
409413 1
409414 1
409415 1
409419 1
409420 1
409423 1
409424 1
409425 2
409426 1
409427 1
409428 1
409431 1
409432 1
409433 1
409434 1
409435 1
409436 1
409437 1
409438 1
409439 1
409447 1
409451 1
409453 1
409457 1
409458 1
409459 1
409460 1
409461 1
409474 1
409479 1
409481 1
409482 1
409483 1
409484 1
409485 1
409486 1
409487 1
409488 1
409489 1
409491 1
409493 1
409495 1
409496 1
409497 2
409498 2
409502 1
409503 1
409511 1
409513 1
409514 1
409515 1
409516 1
409521 1
409525 1
409528 1
409529 1
409532 1
409533 1
409543 1
409545 2
409548 1
409549 1
409551 1
409561 2
409562 1
409565 1
409572 1
409573 1
409578 1
409586 1
409588 1
409592 1
409595 1
409596 1
409598 1
409599 1
409601 1
409602 1
409603 1
409604 1
409605 1
409606 1
409607 1
409608 1
409610 1
409629 1
409630 1
409631 1
409636 3
409638 1
409641 1
409642 1
409643 1
409644 1
409646 1
409647 1
409648 1
409649 1
409651 1
409652 1
409653 1
409655 1
409656 1
409658 1
409659 1
409660 1
409661 1
409662 1
409663 1
409668 1
409669 1
409672 1
409673 1
409676 1
409677 1
409678 1
409680 1
409681 1
409682 2
409700 1
409776 1
409843 1
409845 1
409846 1
409855 1
409856 1
409859 1
409862 1
409870 1
409871 1
409881 1
409882 1
409883 1
409887 2
409888 1
409889 1
409891 1
409895 1
409902 1
409903 1
409908 1
409911 1
409915 1
409919 1
409923 1
409926 1
409927 1
409932 1
409933 1
409934 1
409938 1
409940 1
409942 1
409943 1
409953 1
409960 1
409961 1
409962 1
409963 1
409964 1
409967 1
409968 1
410087 1
410092 1
410106 1
410107 1
410143 1
410144 1
410165 1
410355 1
410475 1
410476 1
410478 1
410479 1
410505 1
410506 1
410507 1
410510 1
410531 1
410558 1
410561 1
410645 1
410655 1
410658 1
410659 1
410660 1
410667 1
410693 1
410696 1
410697 1
410707 1
410708 1
410709 1
410712 1
410714 1
410716 1
410722 1
410724 1
410729 1
410730 1
410731 1
410732 1
410733 1
410734 1
410737 1
410738 1
410741 1
410742 1
410743 1
410747 1
410748 1
410749 1
410750 1
410751 1
410753 1
410754 1
410755 1
410756 1
410771 1
410772 1
410773 1
410776 1
410779 1
410786 1
410800 1
410801 1
410803 1
410821 1
410824 1
410825 1
410840 1
410849 1
410850 1
410851 1
410852 1
410854 1
410861 1
410862 1
410864 1
410865 1
410866 1
410867 1
410869 1
410872 1
410876 1
410877 1
410878 1
410881 1
410882 1
410908 1
410910 1
410919 1
410920 1
410923 1
410924 1
410927 1
410928 1
410929 1
410930 1
410931 1
410935 1
411025 1
411028 1
411034 1
411037 1
411038 1
411042 1
411044 1
411046 1
411057 1
411058 1
411061 1
411071 1
411075 1
411095 1
411096 1
411099 1
411100 1
411147 1
411148 1
411149 1
411151 1
411153 1
411154 1
411179 1
411197 1
411199 1
411202 1
411204 1
411232 1
411236 1
411237 1
411239 1
411249 1
411255 1
411257 1
411278 1
411279 1
411298 1
411302 1
411303 1
411304 1
411305 2
411307 1
411310 1
411312 1
411315 1
411317 1
411318 1
411319 1
411320 1
411321 1
411322 1
411335 1
411342 1
411344 1
411348 1
411353 1
411354 1
411356 1
411357 1
411363 1
411367 1
411368 1
411369 1
411370 1
4747 1
477 1
