-1819 1
0 295
1028 1
1080 1
1474 1
1541 1
1555 1
1556 1
1558 1
1560 4
1561 1
1568 2
1575 1
1591 1
1600 2
1604 1
1627 1
1633 2
1636 2
1637 1
1638 1
1641 1
1642 1
1645 1
1647 1
1652 1
1653 1
1662 5
1663 1
1667 2
1668 1
1669 2
1670 1
1673 1
1675 1
1678 1
1679 2
1680 1
1681 1
1685 2
1687 1
1689 1
1691 4
1693 1
1695 1
1696 3
1697 2
1698 1
1700 3
1701 4
1709 1
1710 2
1712 2
1713 1
1714 1
1715 2
1716 1
1717 1
1718 3
1720 1
1721 2
1722 1
1723 3
1724 2
1726 1
1727 1
1728 3
1729 1
1730 2
1731 1
1732 4
1733 2
1734 1
1736 2
1737 5
1738 2
1739 2
1740 1
1741 5
1742 6
1743 13
1744 7
1745 5
1746 3
1747 4
1748 3
1749 5
1750 5
1751 1
1752 2
1753 1
1754 2
1755 2
1756 8
1757 8
1758 6
1759 6
1760 13
1761 11
1762 11
1763 6
1764 7
1765 16
1766 18
1767 28
1768 17
1769 27
1770 25
1771 30
1772 30
1773 35
1774 66
1775 53
1776 70
1777 74
1778 63
1779 65
1780 79
1781 78
1782 116
1783 115
1784 103
1785 117
1786 123
1787 116
1788 113
1789 113
1790 114
1791 112
1792 114
1793 132
1794 139
1795 162
1796 166
1797 165
1798 193
1799 152
1800 180
1801 209
1802 198
1803 179
1804 185
1805 204
1806 211
1807 169
1808 173
1809 165
1810 171
1811 178
1812 171
1813 160
1814 126
1815 169
1816 160
1817 186
1818 184
1819 186
1820 180
1821 172
1822 159
1823 207
1824 249
1825 211
1826 222
1827 199
1828 197
1829 166
1830 166
1831 155
1832 152
18322 1
1833 142
1834 157
1835 146
1836 162
1837 155
1838 166
1839 138
1840 165
18400 1
1841 148
1842 152
1843 161
1844 148
1845 141
1846 145
1847 164
1848 145
1849 118
1850 119
1851 116
1852 98
1853 107
1854 104
1855 85
1856 91
1857 79
1858 104
1859 79
1860 105
1861 65
1862 54
1863 58
1864 56
1865 62
1866 43
1867 44
1868 52
1869 59
1870 58
1871 41
1872 47
1873 53
1874 43
1875 63
1876 42
1877 51
1878 46
1879 46
1880 35
1881 49
1882 55
1883 51
1884 54
1885 48
1886 67
1887 57
1888 56
1889 48
1890 57
1891 49
1892 53
1893 55
1894 48
1895 69
1896 78
1897 62
1898 95
1899 57
1900 69
1901 65
1902 53
1903 62
1904 79
1905 75
1906 60
1907 73
1908 72
1909 75
1910 67
1911 59
1912 57
1913 83
1914 100
1915 68
1916 84
1917 84
1918 52
1919 57
1920 76
1921 62
1922 62
1923 53
1924 69
1925 83
1926 91
1927 76
1928 72
1929 68
1930 77
1931 94
1932 84
1933 76
1934 71
1935 70
1936 85
1937 72
1938 61
1939 80
1940 72
1941 88
1942 47
1943 41
1944 28
1945 23
1946 47
1947 64
1948 54
1949 45
1950 27
1951 35
1952 32
1953 36
1954 46
1955 53
1956 44
1957 47
1958 54
1959 58
1960 77
1961 65
1962 77
1963 74
1964 70
1965 77
1966 75
1967 66
1968 111
1969 68
1970 77
1971 81
1972 49
1973 79
1974 62
1975 63
1976 66
1977 70
1978 75
1979 82
1980 78
1981 69
1982 73
1983 61
1984 76
1985 71
1986 70
1987 72
1988 77
1989 56
199 1
1990 69
1991 58
1992 51
1993 45
1994 57
1995 52
1996 45
1997 57
1998 60
1999 50
2000 54
2001 54
2002 45
2003 50
2004 33
2005 30
2006 32
2007 36
2008 34
2009 177
2010 29
2011 27
2012 27
2013 20
2014 2
2016 1
2017 2
2018 1
2019 2
