0 331
0.01 10
0.02 2
0.03 1
0.09 1
0.1 95
0.2 26
0.3 8
0.31 1
0.4 6
0.5 3
0.6 2
0.7 2
0.8 2
0.9 2
1 2280
1.01 26
1.011 1
1.02 7
1.021 1
1.03 4
1.04 3
1.05 3
1.06 2
1.07 2
1.08 2
1.09 2
1.091 1
1.092 1
1.093 1
1.1 4
1.11 1
1.12 1
1.13 1
1.2 1
1.3 1
1.4 1
1.5 1
10 2118
10.01 5
10.02 2
10.03 2
10.04 1
10.05 1
10.06 1
10.07 1
10.08 1
100 306
101 305
102 298
103 294
103.01 1
104 290
104.01 3
105 277
105.01 6
105.02 1
105.03 1
105.04 1
105.05 1
106 269
107 260
108 256
108.01 2
109 255
11 2112
11.01 14
11.02 4
11.03 4
11.04 3
11.05 1
11.1 2
110 248
110.01 1
111 245
111.01 1
1111 1
11112.01 1
112 237
112.01 1
113 230
114 229
115 222
115.01 2
116 216
116.01 3
117 211
117.01 2
117.02 1
118 211
119 205
119.01 1
12 2084
12.01 9
12.02 4
12.03 2
12.04 1
120 201
121 193
121.01 1
122 190
122.01 2
123 182
123.01 3
123.02 1
124 174
124.01 1
125 179
125.01 2
126 175
127 168
128 167
129 160
13 2078
13.01 6
13.02 2
13.03 1
13.1 1
130 155
130.01 3
130.02 2
130.03 1
130.04 1
131 155
131.01 1
132 151
132.01 1
133 148
133.01 1
134 145
134.01 1
135 142
135.001 2
135.01 1
136 141
137 138
138 134
139 131
14 2050
14.01 10
14.02 2
14.03 2
14.04 1
14.05 1
14.06 1
14.07 1
14.08 1
14.09 1
14.1 1
14.11 1
14.12 1
140 127
141 123
142 122
143 117
144 119
144.01 1
144.02 1
145 114
146 114
146.001 1
147 114
147.01 2
148 111
148.01 1
149 113
15 2013
15.01 12
15.02 2
15.03 2
15.04 1
150 109
151 109
151.01 1
152 107
152.01 1
153 103
154 101
155 99
155.01 1
156 94
157 93
158 91
158.01 1
158.02 1
158.03 1
159 91
159.01 1
16 1993
16.01 10
16.02 1
16.03 1
160 88
161 86
161.01 1
162 85
163 82
163.01 1
163.02 1
164 82
165 80
166 77
166.01 1
167 78
168 76
169 75
169.002 1
17 1945
17.01 8
17.02 1
17.03 1
17.1 2
17.2 1
170 74
170.01 1
170.02 1
171 74
172 73
172.01 1
173 72
174 66
175 65
176 64
177 65
178 62
179 61
18 1912
18.01 6
18.02 3
18.03 1
18.1 1
180 60
181 61
182 59
182.01 2
183 58
184 56
185 56
186 56
187 54
188 53
189 53
189.01 2
19 1876
19.01 8
19.02 1
190 54
191 51
192 49
193 51
194 50
195 50
196 51
197 51
198 50
199 50
2 2261
2.01 22
2.02 3
2.03 3
2.04 2
2.05 2
2.06 2
2.07 2
2.08 2
2.09 2
2.1 3
2.11 2
2.12 1
20 1847
20.01 4
200 49
201 50
202 47
203 48
204 46
205 46
206 46
207 44
208 45
209 43
21 1813
21.01 4
21.02 1
210 43
211 42
212 42
213 42
214 41
215 41
216 41
217 40
218 39
219 39
22 1776
22.01 9
22.02 2
22.03 2
22.04 1
220 39
220.01 1
221 37
222 37
222222222 1
223 37
224 37
224.01 1
225 36
226 35
227 35
228 35
229 35
23 1739
23.01 5
23.02 1
23.03 1
230 35
231 36
232 35
233 33
234 35
235 34
236 33
237 30
238 30
239 30
24 1714
24.01 12
24.02 3
24.03 1
240 29
241 28
242 27
243 28
244 27
245 25
246 24
247 23
248 21
249 22
25 1665
25.01 5
25.02 1
25.03 1
250 22
251 22
252 21
253 21
254 21
255 21
256 21
257 21
258 18
259 18
26 1639
26.01 5
26.02 2
26.03 1
260 18
261 17
262 17
263 17
264 17
265 17
266 17
267 16
268 16
268.01 1
269 15
269.01 1
27 1613
27.01 6
27.02 1
27.03 1
270 15
271 15
272 14
273 14
274 14
275 14
276 15
277 13
278 14
279 14
28 1595
28.01 8
28.02 3
28.03 3
280 14
281 14
282 14
283 14
284 13
285 14
286 14
287 14
288 14
2888 1
289 15
29 1555
29.01 5
29.02 1
29.03 1
290 13
291 13
292 13
293 13
294 13
295 13
296 13
297 13
297.01 1
298 12
299 12
3 2249
3.001 1
3.002 1
3.003 1
3.004 1
3.005 1
3.006 1
3.007 1
3.008 1
3.009 1
3.01 33
3.02 9
3.03 9
3.04 7
3.05 7
3.06 7
3.07 5
3.08 5
3.09 5
3.1 10
3.11 5
30 1521
30.01 6
30.02 1
30.03 1
300 11
301 11
301.01 1
302 11
303 11
303.01 1
304 10
305 10
306 10
307 10
308 10
309 10
31 1496
31.01 4
31.02 1
31.03 1
310 10
311 10
312 10
312.01 1
313 11
314 10
315 10
316 10
317 8
318 7
319 7
32 1464
32.01 5
320 7
321 7
322 7
323 7
324 7
325 7
326 7
327 6
328 6
329 6
33 1440
33.01 2
33.03 1
330 6
331 6
332 6
333 5
3333 1
33330 1
33333333333333 1
334 6
335 6
336 6
337 6
337.01 1
338 6
339 6
34 1416
34.01 3
34.02 1
34.03 1
340 7
341 6
342 6
343 5
344 4
345 5
346 5
347 5
348 5
349 4
35 1379
35.01 3
350 4
351 4
352 4
353 4
354 4
355 4
356 4
357 4
358 4
359 4
36 1347
36.001 1
36.01 2
36.02 1
360 3
361 3
362 3
363 3
364 3
365 3
366 3
367 3
368 3
369 3
37 1323
37.01 3
37.02 1
370 3
371 3
372 4
373 3
374 3
375 3
376 3
377 3
378 3
379 3
38 1289
38.01 3
380 3
381 2
382 2
383 2
384 2
385 2
386 2
387 2
388 2
389 2
39 1259
39.01 2
39.02 1
39.03 1
390 2
391 2
392 2
393 2
394 3
395 1
396 2
397 2
398 2
399 2
4 2195
4.001 1
4.002 1
4.01 20
4.02 3
4.03 2
4.04 2
4.05 2
4.06 1
40 1223
40.01 6
40.02 2
40.03 1
400 2
401 2
402 2
403 2
404 2
405 2
406 2
407 2
408 2
409 2
41 1205
41.01 1
410 2
411 2
412 2
413 2
414 2
415 2
416 2
417 2
418 2
419 2
42 1170
42.01 1
420 2
421 2
422 2
423 2
424 2
425 2
426 2
427 2
428 2
429 2
43 1154
43.001 1
43.01 6
43.02 1
430 2
431 2
432 2
433 2
434 2
435 2
436 2
437 2
438 2
439 2
44 1141
44.01 5
440 2
441 2
442 2
443 2
444 2
445 2
446 2
446.001 1
447 2
448 2
449 2
45 1113
45.01 5
450 2
451 2
452 2
453 2
454 2
455 2
456 2
457 2
458 2
459 2
46 1088
46.01 3
460 2
461 2
462 2
463 2
464 2
465 2
466 2
467 2
468 2
469 2
47 1081
47.01 2
470 2
471 2
472 2
473 2
474 2
475 2
476 2
477 2
478 2
479 2
48 1056
48.01 5
480 2
481 2
482 2
483 2
484 2
485 2
486 2
487 2
488 2
489 2
49 1044
49.01 2
490 2
491 2
492 2
492.001 1
493 2
494 2
495 3
496 2
497 2
498 2
499 2
5 2189
5.01 14
5.02 3
5.03 1
5.04 1
5.05 1
5.06 1
5.07 1
5.08 1
50 1024
50.01 2
50.02 1
50.03 1
50.04 1
500 2
501 2
502 2
503 2
504 2
505 2
506 2
507 2
508 2
509 2
51 1002
51.01 5
51.02 2
510 2
511 2
512 2
513 2
514 2
515 2
516 2
517 2
518 2
519 2
52 980
52.01 2
520 2
521 2
522 2
523 2
524 2
525 2
526 2
527 2
528 2
529 2
53 963
53.01 2
530 2
531 2
532 2
533 2
534 1
535 2
536 2
537 2
538 2
539 2
54 936
54.01 3
540 2
541 2
542 2
543 3
544 2
545 2
546 2
547 2
548 2
549 2
55 916
55.01 1
550 2
551 2
552 2
553 2
554 2
555 2
556 2
557 2
558 2
559 2
56 894
560 2
561 2
562 2
563 2
564 2
565 2
566 2
567 2
568 2
569 2
57 866
570 2
571 2
572 2
573 2
574 2
575 2
576 2
577 2
578 2
579 2
58 849
58.001 1
58.01 3
58.02 1
58.03 1
58.04 1
580 2
581 2
582 2
583 2
584 2
585 2
586 2
587 2
588 2
589 2
59 832
590 2
591 2
592 2
593 2
594 2
595 2
596 2
597 2
598 2
599 2
6 2179
6.01 8
6.02 3
6.03 1
60 810
60.01 2
600 2
601 2
602 2
603 2
604 2
605 2
606 2
607 2
608 2
609 2
61 794
61.01 4
610 2
611 2
612 2
613 2
614 2
615 2
616 2
617 2
618 2
619 1
62 775
62.01 4
62.02 1
62.03 1
62.04 1
62.05 1
62.06 1
62.07 1
620 1
621 1
622 1
623 1
624 1
625 1
626 1
627 1
628 1
629 1
63 755
63.01 3
63.02 2
63.04 1
630 1
631 1
632 1
633 1
634 1
635 1
636 1
637 1
638 1
639 1
64 741
64.01 2
64.1 1
640 1
641 1
642 1
643 1
644 1
645 1
646 1
647 1
648 1
649 1
65 720
65.01 4
650 1
651 1
652 1
653 1
654 1
655 1
656 1
657 1
658 1
659 1
66 705
66.01 3
66.02 1
66.03 1
660 1
661 1
662 1
663 1
664 1
665 1
666 1
667 1
668 1
669 1
67 686
67.001 1
67.01 1
670 1
671 1
672 1
673 1
68 664
68.01 2
69 649
7 2167
7.01 9
7.02 2
7.03 2
70 630
70.01 3
71 617
71.01 1
71.02 1
72 603
72.01 3
73 586
73.01 2
74 571
74.001 1
74.002 1
74.003 1
74.004 1
74.005 1
74.006 1
74.007 1
74.008 1
74.01 2
75 564
75.01 3
76 549
76.001 1
76.002 1
77 542
77.001 1
77.01 5
78 519
78.01 2
78.02 1
79 509
79.01 3
79.02 1
8 2142
8.01 11
8.02 3
8.1 1
80 495
81 484
81.01 2
82 473
82.01 2
83 459
83.001 1
830 1
84 453
84.01 4
85 444
85.01 2
86 428
86.01 1
87 418
87.01 2
88 410
89 391
89.01 1
89.02 1
89.03 1
89.04 1
89.05 1
89.06 1
89.07 1
89.08 1
9 2137
9.01 4
90 387
90.01 1
91 371
91.01 1
92 366
93 359
93.001 1
93.01 2
94 345
94.01 2
95 338
95.01 2
96 334
96.01 1
97 330
97.01 1
98 321
99 313
99.01 1
