1 3165
1.001 163
1.002 19
1.003 4
1.004 1
1.005 1
1.006 1
1.01 27
1.02 1
10 331
10.001 37
10.002 9
10.003 1
10.01 183
10.011 2
10.02 10
10.03 1
10.04 1
100 224
100.001 43
100.002 10
100.00228 1
100.003 7
100.004 2
100.005 1
100.01 45
100.011 2
100.02 3
100.1 1
1001 1
1006 1
1008 1
1008.001 1
101 328
101.001 33
101.002 12
101.003 7
101.004 3
101.005 1
101.006 1
101.01 2
1010 1
1010.001 1
1011 1
1012 1
102 248
102.001 31
102.002 11
102.003 7
102.004 3
102.005 1
102.006 1
102.007 1
102.01 25
102.02 2
102.1 1
1021 1
103 291
103.001 34
103.002 12
103.003 5
103.004 4
103.005 1
1032 1
104 253
104.001 43
104.002 10
104.003 4
104.004 1
104.01 39
104.02 2
104.1 1
105 299
105.001 24
105.0011 1
105.002 7
105.003 5
105.004 3
105.01 1
106 238
106.001 38
106.002 7
106.003 5
106.004 2
106.005 1
106.01 22
106.02 1
107 298
107.001 29
107.002 13
107.003 5
107.004 2
107.005 1
108 243
108.001 37
108.002 11
108.003 6
108.004 3
108.01 25
108.02 3
108.1 1
1081 1
109 307
109.001 36
109.002 9
109.003 5
109.004 1
109.02 1
11 463
11.001 48
11.002 9
11.003 2
11.004 1
11.01 2
110 270
110.001 29
110.002 8
110.003 6
110.004 3
110.005 3
110.006 1
110.007 1
110.01 35
110.02 1
110.1 1
111 284
111.001 33
111.002 9
111.003 6
111.004 1
111.02 1
1111204 1
112 250
112.001 34
112.002 10
112.003 5
112.004 3
112.005 1
112.006 1
112.007 1
112.008 1
112.009 1
112.01 42
112.011 1
112.012 1
112.013 1
112.014 1
112.015 1
112.016 1
112.017 1
112.1 2
113 307
113.001 31
113.002 6
113.003 6
113.004 4
113.005 2
113.006 2
113.007 2
113.008 2
113.009 1
113.01 3
113.011 1
113.012 1
113.013 1
113.014 1
1132 1
114 229
114.001 39
114.002 8
114.003 3
114.004 3
114.005 2
114.006 1
114.007 1
114.008 1
114.009 1
114.01 29
114.02 2
115 298
115.001 36
115.002 12
115.003 6
115.004 2
115.005 1
115.006 1
115.008 1
115.009 1
115.01 1
115.02 1
115.03 1
116 263
116.001 33
116.002 13
116.003 3
116.004 3
116.01 25
116.02 1
116.03 1
117 287
117.001 29
117.002 10
117.003 5
117.004 1
118 234
118.001 32
118.002 12
118.003 6
118.004 1
118.01 34
118.02 3
119 283
119.001 37
119.002 11
119.003 4
119.004 1
119.01 1
12 382
12.001 42
12.002 8
12.003 3
12.01 178
12.02 11
12.03 1
12.1 1
120 257
120.001 26
120.002 7
120.003 2
120.01 24
120.1 1
121 274
121.001 33
121.002 9
121.003 3
1213 1
1214 1
122 259
122.001 27
122.002 6
122.003 3
122.01 25
122.02 1
123 264
123.001 39
123.002 12
123.003 3
123.004 2
123.005 1
123.006 1
123.01 1
124 244
124.001 27
124.002 9
124.003 4
124.004 2
124.005 1
124.006 1
124.01 32
124.02 2
125 287
125.001 29
125.002 8
125.003 5
125.004 2
125.005 2
125.006 2
125.007 1
125.01 2
125.011 1
125.02 1
126 219
126.001 33
126.0018 1
126.002 10
126.003 9
126.004 4
126.005 3
126.006 3
126.007 1
126.008 1
126.009 1
126.01 37
126.02 1
126.1 1
127 274
127.001 36
127.002 11
127.003 7
127.004 4
127.005 4
127.006 2
127.007 1
127.008 1
128 230
128.001 38
128.002 13
128.003 6
128.004 3
128.005 3
128.006 2
128.007 1
128.008 1
128.009 1
128.01 38
128.02 2
129 307
129.001 37
129.002 12
129.003 5
129.004 2
129.005 1
129.006 1
129.01 1
13 437
13.001 37
13.002 8
13.003 2
13.01 2
13.016 1
130 242
130.001 33
130.002 6
130.003 4
130.004 2
130.005 2
130.006 1
130.01 43
130.02 1
131 272
131.001 47
131.002 10
131.003 7
131.004 3
131.005 3
131.006 2
131.01 4
1313 1
132 223
132.001 37
132.002 13
132.003 9
132.004 5
132.005 2
132.006 2
132.01 22
132.02 1
133 265
133.001 39
133.002 18
133.003 10
133.004 6
133.005 2
133.006 1
133.01 1
134 250
134.001 42
134.002 20
134.003 8
134.0035 1
134.004 6
134.005 2
134.006 1
134.01 20
134.02 2
135 288
135.001 43
135.002 16
135.003 6
135.004 2
135.005 1
135.006 1
135.01 3
135.02 1
136 267
136.001 40
136.002 12
136.003 6
136.004 5
136.005 1
136.01 31
136.02 3
136.1 1
137 284
137.00001 1
137.001 36
137.002 14
137.003 6
137.004 3
137.005 2
137.006 1
138 244
138.001 35
138.002 8
138.003 5
138.004 1
138.005 1
138.006 1
138.01 26
138.02 2
139 271
139.001 35
139.002 9
139.003 5
139.004 4
139.005 1
139.006 1
139.01 1
139.02 1
14 346
14.001 38
14.002 8
14.003 2
14.004 1
14.01 159
14.02 9
140 280
140.001 43
140.002 14
140.003 5
140.004 2
140.005 2
140.01 32
140147 1
141 273
141.001 40
141.002 19
141.003 2
141.004 1
141.01 2
141.02 1
142 235
142.001 44
142.002 15
142.003 8
142.004 3
142.01 24
142.02 2
142.03 2
142.1 1
143 280
143.001 43
143.002 14
143.003 6
143.004 6
143.005 2
143.006 1
143.007 1
143.01 1
143.02 1
144 215
144.001 40
144.002 17
144.003 9
144.004 7
144.005 2
144.006 2
144.007 2
144.008 2
144.009 1
144.01 30
144.02 3
144.1 1
145 294
145.001 40
145.002 14
145.003 8
145.004 2
145.01 3
146 217
146.001 44
146.002 8
146.003 2
146.004 2
146.006 1
146.01 22
146.02 1
147 299
147.001 40
147.002 14
147.003 5
147.004 2
147.01 1
148 253
148.001 34
148.002 9
148.003 5
148.004 2
148.005 1
148.01 20
148.02 1
149 278
149.001 34
149.002 9
149.003 4
149.004 2
149.01 2
15 391
15.001 37
15.002 6
15.003 3
15.01 5
150 222
150.001 32
150.002 10
150.003 3
150.004 1
150.01 30
150.02 2
151 269
151.001 38
151.002 10
151.003 3
151.004 1
151.005 1
151.006 1
151.01 3
151.02 1
152 246
152.001 45
152.002 7
152.003 4
152.004 2
152.005 2
152.006 1
152.007 1
152.01 31
152.011 1
152.02 2
153 286
153.001 36
153.002 12
153.003 8
153.004 3
153.005 3
153.006 1
154 228
154.001 36
154.002 12
154.003 7
154.0031 1
154.004 4
154.005 1
154.006 1
154.01 18
154.02 3
154.1 1
1545 1
155 252
155.001 34
155.002 13
155.003 6
155.004 3
155.005 2
155.006 2
155.007 1
155.01 1
156 236
156.001 32
156.002 12
156.003 6
156.004 4
156.01 30
156.02 1
157 249
157.001 41
157.002 8
157.003 6
157.004 4
157.005 2
157.006 2
158 213
158.001 29
158.002 12
158.003 8
158.004 3
158.005 1
158.006 1
158.01 23
158.02 1
159 263
159.001 34
159.00101 1
159.002 12
159.003 6
159.004 3
159.005 1
159.01 1
159.1 1
16 312
16.001 33
16.002 14
16.003 6
16.004 2
16.01 166
16.02 10
16.1 1
160 226
160.001 31
160.001119 1
160.002 9
160.003 6
160.004 1
160.005 1
160.006 1
160.01 29
160.02 1
161 272
161.001 32
161.002 9
161.003 3
161.004 1
161.005 1
161.006 1
161.01 2
162 218
162.001 27
162.002 11
162.003 4
162.01 17
162.02 2
162.03 1
162.04 1
162.1 2
163 246
163.001 27
163.002 5
163.003 2
163.004 1
163.01 1
164 214
164.001 34
164.002 4
164.01 24
164.02 2
165 263
165.001 39
165.002 7
165.003 1
165.01 2
166 221
166.001 33
166.002 8
166.003 2
166.004 2
166.01 22
166.02 1
166.03 1
167 242
167.001 23
167.002 9
167.003 3
168 235
168.001 34
168.002 6
168.003 4
168.004 1
168.01 23
168.02 1
168.1 1
169 270
169.001 33
169.002 9
169.004 1
169.01 2
169.3 1
17 370
17.001 42
17.002 13
17.003 2
17.01 4
170 213
170.001 28
170.002 3
170.01 22
170.02 1
170.1 1
171 254
171.001 34
171.002 5
171.003 2
171.004 1
171.005 1
171.01 1
172 245
172.001 30
172.002 5
172.003 3
172.004 1
172.01 19
172.02 1
173 264
173.001 32
173.002 7
173.003 2
173.004 1
173.01 1
174 236
174.001 41
174.002 6
174.003 3
174.004 2
174.01 24
174.02 4
174.03 2
174.04 1
175 226
175.001 27
175.002 5
175.003 3
175.004 1
175.01 2
176 231
176.001 41
176.002 11
176.003 5
176.004 1
176.01 28
176.02 3
176.03 2
176.04 2
176.1 1
177 272
177.001 36
177.002 12
177.003 4
177.004 3
177.005 1
177.1 1
178 225
178.001 38
178.002 12
178.003 5
178.004 1
178.01 28
1785 1
179 256
179.001 34
179.002 9
179.003 5
179.004 2
179.01 1
18 292
18.001 28
18.002 8
18.003 5
18.004 4
18.005 1
18.006 1
18.01 104
18.02 4
18.1 2
180 227
180.001 36
180.002 7
180.003 3
180.004 2
180.01 37
180.02 1
181 279
181.001 27
181.002 10
181.003 2
181.004 2
181.005 1
182 219
182.001 38
182.002 10
182.003 4
182.004 2
182.01 26
182.02 5
182.03 1
182.04 1
182.05 1
182.06 1
183 257
183.001 40
183.002 10
183.003 3
183.004 2
184 219
184.001 40
184.002 8
184.003 5
184.0044 1
184.005 1
184.01 26
184.1 1
185 248
185.001 38
185.002 10
185.003 5
185.004 2
185.005 1
185.01 1
186 235
186.001 35
186.002 7
186.003 3
186.004 3
186.01 30
186.02 4
187 291
187.001 32
187.002 12
187.003 3
187.004 2
187.01 1
188 229
188.001 34
188.002 10
188.003 4
188.004 1
188.01 22
188.02 1
189 281
189.001 31
189.002 9
189.003 2
189.01 3
19 307
19.001 31
19.002 10
19.003 4
19.004 2
19.01 2
19.02 1
190 198
190.001 37
190.002 6
190.003 3
190.01 26
190.1 1
191 248
191.001 28
191.002 9
192 221
192.001 32
192.002 7
192.003 1
192.004 1
192.01 28
192.02 5
192.1 1
193 256
193.001 29
193.002 6
193.003 4
193.004 2
193.005 1
194 209
194.001 29
194.002 5
194.003 3
194.004 1
194.01 14
195 236
195.001 32
195.002 6
195.003 4
195.004 2
195.005 1
195.01 2
196 224
196.001 24
196.002 8
196.003 2
196.004 2
196.005 1
196.01 26
196.02 2
197 254
197.001 27
197.002 5
197.003 2
197.004 1
197.005 1
197.01 1
198 206
198.001 31
198.002 5
198.003 1
198.01 19
198.02 1
199 239
199.001 25
199.002 9
199.003 6
199.004 5
199.005 1
2 304
2.001 20
2.002 5
2.003 4
2.004 1
2.01 89
2.02 8
2.03 1
2.1 2
20 269
20.001 27
20.002 7
20.003 7
20.01 100
20.02 6
20.1 1
200 227
200.001 36
200.002 10
200.003 4
200.004 2
200.01 24
200.02 3
201 230
201.001 32
201.0011 1
201.002 10
201.003 3
202 194
202.001 28
202.002 6
202.003 5
202.01 24
202.02 3
202.03 2
203 203
203.001 23
203.002 9
203.003 5
203.004 3
203.01 2
204 195
204.001 30
204.002 7
204.003 6
204.004 2
204.005 1
204.01 15
204.1 1
205 211
205.001 22
205.002 7
205.003 2
205.004 1
205.005 1
206 183
206.0001 1
206.001 26
206.002 9
206.003 5
206.004 2
206.005 2
206.006 1
206.01 26
206.02 2
206.03 1
206.04 1
207 221
207.001 28
207.001208 1
207.002 15
207.003 5
207.0033 1
207.004 3
207.005 3
207.01 1
208 194
208.001 32
208.002 12
208.003 9
208.004 4
208.005 2
208.006 1
208.007 1
208.008 1
208.009 1
208.01 20
208.02 5
209 233
209.001 47
209.002 11
209.003 4
209.004 3
209.005 2
209.006 1
209.007 1
209.008 1
209.009 1
21 310
21.001 35
21.002 5
21.003 4
21.01 4
21.02 1
21.03 1
210 183
210.001 28
210.002 9
210.003 3
210.004 1
210.005 1
210.006 1
210.007 1
210.01 22
210.02 2
210.03 1
210.04 1
211 203
211.001 31
211.002 13
211.003 4
211.004 1
211.01 1
212 181
212.001 34
212.002 10
212.003 7
212.004 2
212.01 20
212.02 2
213 217
213.001 39
213.002 13
213.003 6
213.004 2
213.005 1
213.006 1
213.007 1
213.0078 1
213.009 1
214 181
214.001 33
214.002 10
214.003 9
214.004 3
214.005 1
214.01 13
214.02 1
214.1 1
215 216
215.001 25
215.002 11
215.003 6
215.004 5
216 181
216.001 25
216.002 8
216.003 4
216.004 2
216.005 1
216.006 1
216.007 1
216.01 15
217 205
217.001 31
217.002 4
217.003 3
217.0044 1
217.005 1
218 210
218.001 28
218.002 6
218.003 3
218.004 3
218.005 1
218.006 1
218.01 8
219 203
219.001 26
219.002 8
219.003 3
22 283
22.001 26
22.002 7
22.003 2
22.01 81
22.02 4
220 168
220.001 30
220.002 5
220.003 2
220.004 1
220.01 19
221 197
221.001 20
221.002 10
221.003 5
221.004 1
222 156
222.001 26
222.002 6
222.003 3
222.004 2
222.01 11
222.02 1
223 200
223.001 23
223.002 6
223.003 4
223.004 2
224 165
224.001 31
224.002 12
224.003 7
224.004 2
224.01 14
224.1 1
225 183
225.001 26
225.002 9
225.003 6
225.004 4
225.005 1
225.006 1
226 162
226.001 29
226.002 7
226.003 3
226.004 1
226.005 1
226.01 18
226.02 1
227 196
227.001 25
227.002 7
227.003 2
227.01 2
228 176
228.001 24
228.002 9
228.003 3
228.004 1
228.01 19
228.1 1
229 167
229.001 24
229.002 6
229.003 1
23 308
23.001 26
23.0014 1
23.002 6
23.003 2
230 163
230.001 30
230.002 6
230.003 1
230.01 22
230.02 4
230.03 2
231 192
231.001 17
231.002 6
231.003 2
231.01 1
23198 1
232 134
232.001 27
232.002 7
232.003 6
232.004 2
232.005 2
232.01 21
232.02 3
232.03 1
232.04 1
232.05 1
232.06 1
233 191
233.001 17
233.002 7
233.003 3
233.004 1
233.005 1
233.006 1
234 124
234.001 20
234.002 7
234.003 4
234.004 1
234.005 1
234.01 18
234.02 1
235 171
235.001 16
235.002 6
235.003 2
235.004 1
235.01 1
236 138
236.001 18
236.002 7
236.003 3
236.004 1
236.01 20
237 164
237.001 19
237.002 7
237.003 2
237.01 1
238 128
238.001 24
238.002 5
238.003 2
238.01 20
238.02 1
239 149
239.001 18
239.002 6
239.003 2
239.004 1
239.01 1
24 274
24.001 40
24.002 11
24.003 3
24.0034 1
24.01 86
24.02 2
24.03 1
24.1 1
240 139
240.001 25
240.002 13
240.003 8
240.004 2
240.01 14
240.02 1
241 169
241.001 28
241.002 11
241.003 7
241.004 2
2412 1
242 145
242.001 25
242.002 8
242.003 2
242.004 1
242.01 14
243 194
243.001 19
243.002 4
243.003 2
243.01 1
244 153
244.001 30
244.002 10
244.003 4
244.004 3
244.005 1
244.006 1
244.01 21
244.02 2
245 152
245.001 23
245.002 10
245.003 6
245.004 2
245.005 1
245.01 1
245.02 1
246 155
246.001 22
246.002 7
246.003 3
246.004 1
246.01 13
246.02 2
247 147
247.001 22
247.002 12
247.003 5
247.004 2
247.01 1
248 136
248.001 24
248.002 4
248.003 2
248.01 29
248.02 3
248.03 2
248.04 1
249 163
249.001 28
249.002 7
249.003 4
249.01 2
25 310
25.001 27
25.002 9
25.003 5
25.004 2
25.01 1
250 148
250.001 32
250.0011 1
250.002 6
250.003 4
250.004 1
250.01 13
251 181
251.001 30
251.002 11
251.003 5
251.004 2
251.01 2
251.02 1
252 135
252.001 27
252.002 9
252.003 5
252.004 2
252.005 1
252.006 1
252.01 8
253 150
253.001 19
253.002 7
253.003 2
253.004 1
253.005 1
253.006 1
254 119
254.001 23
254.002 8
254.003 6
254.004 2
254.005 2
254.006 2
254.01 19
254.02 3
254.1 1
255 147
255.001 18
255.002 5
255.003 4
255.00404 1
255.005 3
255.006 2
255.007 2
255.009 1
256 128
256.001 22
256.002 9
256.003 4
256.004 2
256.005 2
256.006 2
256.007 1
256.008 1
256.009 1
256.01 18
256.02 1
257 168
257.001 24
257.002 9
257.003 7
257.004 5
257.005 2
257.006 1
257.01 1
258 128
258.001 18
258.002 5
258.003 7
258.004 4
258.005 4
258.006 1
258.01 7
258.02 1
258.1 1
258.2 1
259 144
259.001 25
259.002 7
259.003 5
259.004 3
259.005 2
259.006 1
26 266
26.001 32
26.002 7
26.003 5
26.004 1
26.01 64
26.02 1
26.03 1
26.04 1
26.1 1
260 113
260.001 9
260.002 5
260.003 3
260.004 2
260.005 2
260.006 1
260.007 1
260.01 10
260.02 1
261 143
261.001 17
261.002 2
261.003 1
262 103
262.001 18
262.002 6
262.003 6
262.004 1
262.01 11
262.02 1
263 133
263.001 12
263.002 2
263.003 1
263.01 3
264 121
264.001 16
264.002 2
264.003 1
264.01 13
264.02 2
264.03 1
265 138
265.001 17
265.002 2
265.003 1
266 110
266.001 14
266.002 5
266.003 1
266.004 1
266.006 1
266.01 10
266.02 3
266.03 1
267 126
267.001 22
267.002 7
267.003 4
267.004 3
267.005 1
267.01 1
268 122
268.001 20
268.002 3
268.003 2
268.004 2
268.005 1
268.01 12
268.02 1
269 140
269.001 22
269.002 6
269.003 3
269.004 1
269.005 1
27 300
27.001 28
27.002 8
27.003 5
27.004 1
27.01 5
27.02 1
27.03 1
27.04 1
270 127
270.001 23
270.002 13
270.003 5
270.004 3
270.005 2
270.006 1
270.01 10
270.02 1
271 144
271.001 20
271.002 8
271.003 6
271.004 3
271.005 2
271.006 1
271.007 1
271.01 1
272 109
272.001 17
272.002 11
272.003 6
272.004 4
272.005 1
272.006 1
272.01 11
272.02 1
272.1 1
273 151
273.001 18
273.002 5
273.003 5
273.004 2
274 119
274.001 14
274.002 5
274.003 3
274.004 1
274.01 12
275 111
275.001 22
275.002 7
275.003 3
276 114
276.001 19
276.002 7
276.00277 1
276.003 4
276.01 8
276.02 1
277 120
277.001 20
277.002 8
277.003 4
277.004 1
278 128
278.001 20
278.002 8
278.003 3
278.004 2
278.01 9
279 118
279.001 14
279.002 4
279.003 2
279.01 2
28 275
28.001 28
28.002 8
28.003 4
28.004 1
28.01 57
28.02 3
28.03 1
28.04 1
28.05 1
28.06 1
280 108
280.001 17
280.002 3
280.003 3
280.004 1
280.005 1
280.01 14
281 118
281.001 16
281.002 5
281.003 3
281.01 2
282 110
282.001 21
282.002 5
282.003 3
282.005 1
282.01 12
282.02 1
282.4 1
283 117
283.001 12
283.002 5
283.003 3
283.01 2
284 110
284.001 21
284.002 7
284.003 4
284.01 11
284.02 1
285 115
285.001 14
285.002 7
285.003 3
285.004 1
285.0043 1
285.005 1
285.006 1
285.007 1
286 101
286.001 15
286.002 9
286.003 3
286.01 10
286.02 2
286.1 1
287 125
287.001 17
287.002 7
287.003 3
287.004 2
288 98
288.001 19
288.002 7
288.003 5
288.004 2
288.005 1
288.006 1
288.01 9
288.02 1
288.03 1
288.1 1
289 118
289.001 19
289.002 7
289.003 3
289.004 2
289.01 1
29 272
29.001 31
29.002 5
29.003 5
29.004 3
29.01 1
29.02 1
29.03 1
29.04 1
29.05 1
290 100
290.001 16
290.002 11
290.003 2
290.004 2
290.01 10
290.02 1
290.03 1
290.1 1
2901 1
291 130
291.001 27
291.002 6
291.003 4
291.00411 1
291.005 1
292 92
292.001 13
292.002 2
292.003 2
292.01 2
292.02 1
292.1 1
293 112
293.001 15
293.002 5
293.003 1
293.01 1
294 96
294.001 17
294.002 4
294.003 1
294.01 11
295 117
295.001 20
295.002 5
295.003 1
296 114
296.001 24
296.002 9
296.003 3
296.004 1
296.005 1
296.01 6
296.02 1
297 119
297.001 16
297.002 7
297.003 4
297.004 1
297.005 1
298 105
298.001 21
298.002 8
298.0023 1
298.003 4
298.004 2
298.005 1
298.01 13
299 125
299.001 20
299.002 8
299.003 4
299.004 2
299.01 1
3 1446
3.001 93
3.002 12
3.003 5
3.01 7
3.1 1
30 262
30.001 33
30.002 6
30.003 5
30.004 3
30.01 65
30.02 4
30.03 1
30.04 1
30.05 1
300 101
300.001 25
300.002 9
300.003 5
300.004 1
300.01 12
300.2 1
301 129
301.001 16
301.002 6
301.003 2
301.004 1
301.005 1
301.01 1
302 91
302.001 16
302.002 3
302.003 3
302.01 8
302.02 1
302.03 1
302.1 1
303 96
303.001 16
303.002 3
303.003 1
303.01 1
303.02 1
304 104
304.001 19
304.002 3
304.003 3
304.004 1
304.005 1
304.006 1
304.01 11
304.02 1
305 98
305.001 20
305.002 6
305.003 1
305.004 1
305.005 1
305.006 1
306 104
306.001 17
306.002 4
306.01 13
307 90
307.001 16
307.002 5
307.003 1
307.01 1
308 91
308.001 17
308.002 5
308.003 1
308.004 1
308.005 1
308.01 13
308.02 1
309 111
309.001 15
309.002 1
31 290
31.001 33
31.002 6
31.003 5
31.004 2
31.005 1
31.01 3
31.02 2
31.03 1
31.04 1
31.05 1
310 96
310.001 24
310.002 6
310.003 2
310.004 1
310.005 1
310.01 11
310.02 1
311 106
311.001 19
311.002 3
311.003 2
311.004 2
311.005 2
312 90
312.001 11
312.002 3
312.003 1
312.004 1
312.005 1
312.01 8
312.02 1
312.03 1
313 101
313.001 11
313.002 3
313.003 1
313.004 1
314 81
314.001 9
314.002 1
314.01 12
314.02 2
315 88
315.001 19
315.002 3
315.003 1
316 96
316.001 18
316.002 2
316.01 10
316.02 2
317 105
317.001 16
317.002 2
317.003 1
318 99
318.001 15
318.002 5
318.003 3
318.01 13
319 98
319.001 12
319.002 5
319.003 3
32 248
32.001 26
32.002 8
32.003 6
32.004 3
32.01 72
32.02 4
32.03 3
32.04 2
32.05 1
32.1 1
320 86
320.001 11
320.002 3
320.01 9
320.02 1
320.03 1
321 96
321.001 7
321.002 1
321.003 1
321.004 1
322 58
322.001 14
322.002 1
322.01 7
322.02 2
322.1 1
323 92
323.001 11
323.01 1
324 76
324.001 11
324.002 4
324.003 1
324.01 3
324.1 1
324.2 1
324.3 1
325 89
325.001 16
325.002 3
325.01 1
326 73
326.001 16
326.002 3
326.003 3
326.01 3
327 81
327.001 18
327.002 3
327.003 1
328 87
328.001 12
328.002 5
328.003 2
328.01 6
328.02 1
328.1 1
329 88
329.001 12
329.002 4
329.003 1
329.01 1
329.02 1
329.03 1
329.04 1
33 272
33.001 38
33.002 12
33.003 7
33.004 6
33.005 2
33.01 2
33.02 1
33.03 1
33.04 1
33.05 1
33.06 1
330 82
330.001 14
330.002 2
330.003 2
330.004 1
330.01 7
330.02 1
330.03 1
330.04 1
331 88
331.001 9
331.002 3
331.003 1
332 74
332.001 10
332.002 2
332.01 8
333 81
333.001 9
333.001266 1
333.002 3
333.003 2
333.004 1
334 75
334.001 12
334.002 4
334.003 2
334.004 2
334.005 1
334.006 1
334.01 5
334.02 1
334.1 1
335 86
335.001 16
335.002 6
335.003 4
335.004 2
335.005 1
335.006 1
335.007 1
335.008 1
335.009 1
335.01 1
335.02 1
335.03 1
336 62
336.001 11
336.002 3
336.003 2
336.004 1
336.005 1
336.006 1
336.007 1
336.01 13
336.02 2
336.03 1
337 78
337.001 12
337.002 1
337.003 1
337.004 1
337.005 1
337.006 1
337.01 2
337.02 1
337.03 1
338 66
338.001 12
338.002 3
338.003 1
338.01 8
339 63
339.001 14
339.002 5
339.003 2
34 260
34.001 32
34.002 10
34.003 8
34.004 5
34.005 1
34.01 43
34.02 2
34.03 1
34.04 1
34.1 1
340 71
340.001 16
340.002 2
340.01 4
341 73
341.001 11
341.0011 1
341.002 4
341.01 1
342 65
342.001 8
342.002 2
342.01 6
343 71
343.001 10
343.002 2
343.003 1
344 59
344.001 15
344.002 5
344.003 3
344.004 1
344.01 4
345 70
345.001 15
345.002 5
345.003 1
345.004 1
345.005 1
346 67
346.001 13
346.002 6
346.003 3
346.004 2
346.01 9
347 66
347.001 11
347.002 4
347.003 4
347.004 2
347.005 1
348 62
348.001 13
348.002 4
348.003 2
348.004 1
348.01 4
349 72
349.001 12
349.002 4
349.003 3
349.004 3
35 270
35.001 32
35.002 7
35.003 5
35.004 3
35.005 1
35.01 1
35.02 1
35.03 1
35.04 1
35.05 1
350 60
350.001 10
350.002 3
350.003 2
350.004 2
350.005 1
350.01 4
351 71
351.001 14
351.002 3
351.003 2
351.004 1
351.02 1
352 65
352.001 12
352.002 2
352.01 6
353 66
353.001 9
353.002 4
353.003 1
354 50
354.001 14
354.002 2
354.003 1
354.004 1
354.01 6
354.02 1
355 71
355.001 15
355.002 5
355.003 3
355.004 1
356 62
356.001 13
356.002 7
356.003 1
356.004 1
356.01 5
357 75
357.001 15
357.002 9
357.003 1
358 64
358.001 10
358.002 3
358.003 1
358.004 1
358.01 3
358.02 1
359 61
359.001 17
359.002 4
359.003 3
359.004 2
36 236
36.001 31
36.002 9
36.003 8
36.004 3
36.005 2
36.01 50
36.02 1
360 63
360.001 16
360.002 7
360.003 4
360.004 1
360.005 1
360.006 1
360.01 5
361 70
361.001 14
361.002 6
361.003 5
361.004 2
361.005 2
361.01 2
362 66
362.001 18
362.002 7
362.003 1
362.004 1
362.005 1
362.01 4
363 74
363.001 21
363.002 8
363.003 3
363.004 1
364 63
364.001 22
364.002 7
364.01 7
364.02 1
365 69
365.001 20
365.002 4
365.003 3
365.004 2
365.01 1
366 69
366.001 19
366.002 2
366.003 1
366.01 3
367 60
367.001 7
367.002 3
367.003 1
367.004 1
368 64
368.001 7
368.002 2
368.003 1
368.01 7
368.02 1
369 67
369.001 8
369.002 2
369.003 1
37 261
37.001 30
37.002 7
37.003 4
37.004 2
370 57
370.001 10
370.002 4
370.003 1
370.01 2
371 61
371.001 12
371.002 2
371.003 2
371.004 1
372 45
372.001 9
372.002 3
372.01 7
372.02 1
373 47
373.001 7
373.002 1
373.003 1
374 53
374.001 15
374.002 5
374.003 2
374.004 1
374.005 1
374.01 1
375 55
375.001 10
375.002 4
375.003 1
375.004 1
375.005 1
376 44
376.001 9
376.002 5
376.003 3
376.004 3
376.01 6
376.02 1
376.03 1
376.04 1
376.05 1
376.06 1
376.07 1
376.08 1
377 53
377.001 13
377.002 4
378 36
378.001 10
378.002 5
378.003 1
378.01 1
379 45
379.001 7
379.002 3
379.003 1
379.01 1
38 236
38.001 37
38.002 6
38.003 3
38.01 39
38.02 1
38.03 1
38.1 1
380 42
380.001 14
380.002 2
380.003 2
380.004 1
380.005 1
380.006 1
380.007 1
380.01 2
381 38
381.001 7
381.002 2
381.003 1
381.004 1
381.005 1
382 41
382.001 9
382.002 2
382.003 1
382.01 3
383 46
383.001 5
383.002 2
384 40
384.001 10
384.002 2
384.003 2
385 48
385.001 12
385.002 5
385.003 2
385.004 1
385.005 1
386 40
386.001 11
386.002 3
386.003 2
386.01 3
387 49
387.001 11
388 39
388.001 9
388.002 1
388.01 1
389 45
389.001 9
389.002 2
389.003 1
39 272
39.001 26
39.002 6
39.003 4
39.004 1
39.01 1
390 35
390.001 8
390.002 1
390.01 3
391 43
391.001 16
391.002 4
391.003 2
391.005 1
391.01 1
392 31
392.001 8
392.002 2
392.003 1
392.004 1
392.01 2
39252 1
393 39
393.001 4
393.002 3
393.003 2
393.004 1
393.01 1
394 30
394.001 7
394.002 1
394.003 2
394.004 1
394.01 1
395 39
395.001 7
395.002 1
3951 1
396 35
396.001 4
396.002 1
396.01 3
397 36
397.001 10
397.002 3
397.003 1
398 35
398.001 11
398.002 5
398.003 4
398.004 2
398.01 3
399 38
399.001 10
399.002 5
399.003 3
399.004 3
399.005 1
399.006 1
4 315
4.001 31
4.002 7
4.003 3
4.01 115
4.02 9
4.03 1
4.04 1
40 235
40.001 24
40.002 4
40.003 2
40.004 1
40.01 52
40.02 1
40.03 1
400 27
400.001 10
400.002 5
400.003 2
400.004 2
400.01 2
400213 1
401 26
401.001 6
401.002 3
401.003 1
401.004 1
401.01 1
402 29
402.001 9
402.002 3
402.003 1
402.004 1
403 26
403.001 7
403.002 3
403.003 1
403.004 1
403.005 1
403.006 1
404 23
404.001 10
404.002 2
404.003 1
404.004 1
404.01 2
405 25
405.001 9
405.002 1
405.003 1
406 19
406.001 6
406.002 2
406.003 2
406.01 3
407 20
407.001 5
407.002 1
408 23
408.001 7
408.002 1
409 23
409.001 5
409.002 1
41 293
41.001 28
41.002 5
41.00239 1
41.003 4
410 16
410.001 4
410.01 1
411 23
411.001 4
412 27
412.001 4
413 22
413.001 2
413.002 1
414 14
414.001 2
414.01 2
415 17
415.001 5
415.002 1
416 19
416.001 5
416.002 2
416.004 1
416.01 2
417 25
417.001 5
417.002 1
418 16
418.001 3
418.01 1
419 24
419.001 5
419.003 1
419.004 1
42 253
42.001 24
42.00139 1
42.002 4
42.003 3
42.01 45
42.02 1
420 22
420.001 6
420.002 4
420.003 2
420.004 1
420.005 1
420.01 3
421 30
421.001 6
421.002 2
421.003 1
422 15
422.001 4
422.002 1
422.003 1
423 20
423.001 5
423.002 1
423.003 1
423.004 1
423.01 1
424 19
424.001 6
424.002 1
424.003 1
424.004 1
425 15
425.001 4
425.002 2
426 16
426.001 6
426.002 2
426.01 1
427 15
428 19
428.001 4
428.002 2
429 10
429.001 3
43 259
43.001 36
43.0012 1
43.002 5
43.003 4
43.004 3
43.005 3
43.01 1
43.02 1
430 15
430.001 4
430.01 2
431 17
431.001 2
432 13
432.001 4
432.002 1
432.01 1
433 15
433.001 2
433.002 1
433.0021 1
434 9
434.001 3
434.002 1
434.01 1
435 13
435.001 2
435.002 1
435.003 1
436 9
436.001 1
436.01 2
437 14
438 10
438.001 1
438.01 1
439 8
439.001 1
44 244
44.001 24
44.002 5
44.003 3
44.004 3
44.005 2
44.006 1
44.007 1
44.01 44
440 7
440.001 2
441 10
442 11
442.001 2
443 15
443.001 4
443.002 2
444 11
444.001 4
444.002 1
444.01 2
445 14
445.001 3
446 8
446.001 3
446.002 2
446.003 1
446.004 1
447 15
447.001 4
447.002 1
447.003 1
447.004 1
448 8
448.001 1
448.002 1
448.003 1
448.004 1
449 11
449.001 3
45 283
45.001 25
45.002 11
45.003 6
45.004 2
45.005 2
45.006 1
45.007 1
45.01 5
45.02 1
450 9
450.001 2
450.002 1
451 6
451.001 3
451.002 1
452 11
452.001 2
452.002 1
452.01 1
453 7
453.001 3
453.002 2
454 14
454.001 3
454.002 1
455 15
455.001 2
456 8
456.001 3
456.002 1
456.003 1
456.004 1
457 9
457.001 3
457.002 3
457.003 3
457.004 1
457.005 1
458 7
458.001 4
458.002 2
458.003 2
458.004 1
458.005 1
459 8
459.001 3
459.002 2
46 242
46.001 37
46.002 10
46.003 4
46.00316 1
46.004 2
46.005 1
46.006 1
46.007 1
46.01 48
46.02 2
460 3
460.001 2
461 6
462 5
462.001 3
463 5
464 7
464.001 2
464.01 1
465 8
465.001 2
466 5
467 10
467.001 3
468 9
468.001 1
468.002 1
468.01 1
469 11
469.001 1
47 260
47.001 32
47.002 11
47.003 5
47.004 2
47.01 1
470 3
470.001 1
471 7
471.001 2
472 5
472.001 2
472.002 2
473 11
473.001 2
474 4
474.001 2
475 10
475.001 2
475.002 1
476 6
476.001 3
477 12
477.001 4
478 6
478.001 2
478.002 1
478.01 1
479 9
479.001 3
48 269
48.001 24
48.002 6
48.003 3
48.004 2
48.005 2
48.006 1
48.01 57
48.02 2
48.1 1
480 8
480.001 3
480.01 2
481 8
481.001 4
482 7
482.001 3
483 9
483.001 5
483.002 1
484 9
484.001 2
484.01 1
485 9
485.001 2
485.002 1
485.003 1
485.004 1
486 12
486.001 5
486.002 3
486.003 1
486.004 1
486.03 1
487 9
487.001 5
487.002 2
487.003 2
487.004 1
487.005 1
487.006 1
487.007 1
488 11
488.001 6
488.002 2
488.003 2
488.004 2
488.005 1
488.006 1
489 9
489.001 3
489.002 2
49 305
49.001 41
49.002 3
49.003 2
49.004 1
49.005 1
49.01 2
490 10
490.001 3
491 9
491.001 1
492 12
492.001 1
492.01 1
493 6
493.001 2
494 4
494.001 2
494.002 1
495 7
495.001 3
495.002 2
495.003 1
495.004 1
496 6
496.001 3
496.002 1
497 4
497.001 2
498 6
498.001 1
499 6
5 714
5.0001 1
5.001 51
5.002 14
5.003 6
5.004 1
5.01 5
50 254
50.001 31
50.002 7
50.003 4
50.004 2
50.005 1
50.006 1
50.01 47
50.02 3
50.03 2
50.1 2
500 4
500.001 2
501 5
502 4
503 7
503.001 1
504 3
504.01 1
505 2
506 2
507 2
508 2
509 2
509.001 1
51 296
51.001 31
51.002 6
51.003 6
51.004 3
51.005 1
51.006 1
51.01 3
51.02 2
51.03 2
51.1 1
510 1
511 3
512 1
512.001 1
512.01 1
513 1
513.001 1
514 3
515 2
516 2
517 2
517.001 1
518 2
519 1
52 243
52.001 34
52.002 7
52.003 6
52.004 2
52.005 1
52.006 1
52.01 32
52.011 1
52.02 3
52.03 1
520 2
521 2
523 1
524 2
525 1
526 2
526.01 1
527 2
528 2
529 1
53 260
53.001 41
53.002 8
53.003 3
53.004 2
53.005 1
53.01 3
53.02 2
53.03 1
530 1
531 1
531.001 1
532 1
533 2
534 3
535 2
535.001 1
536 1
537 1
537.001 1
538 2
539 2
54 237
54.001 26
54.002 6
54.003 4
54.004 3
54.01 45
54.02 2
540 2
541 2
542 2
543 2
544 2
544.001 1
545 2
547 3
548 1
549 3
549.001 1
549.002 1
55 271
55.001 35
55.00131 1
55.002 6
55.003 4
55.004 2
55.005 1
55.01 3
55.011 1
550 2
551 2
552 2
552.001 1
552.003 1
553 3
554 2
554.001 1
555 1
556 3
556.001 1
557 2
557.001 1
557.002 1
558 2
559 1
56 231
56.001 24
56.002 5
56.003 5
56.004 2
56.005 1
56.006 1
56.007 1
56.01 53
56.02 6
56.03 1
56.1 1
560 1
565 1
567 1
567.001 1
569 1
57 272
57.001 32
57.0011 1
57.002 9
57.003 4
57.004 1
57.005 1
57.006 1
57.01 2
57.02 1
570 1
571 1
572 2
572.001 1
573 1
573.001 1
574 1
575 1
578 1
578.01 1
58 258
58.001 32
58.002 6
58.003 3
58.004 1
58.005 1
58.01 36
58.02 4
582 1
59 282
59.001 28
59.002 10
59.003 2
59.01 4
597 1
6 332
6.001 35
6.002 9
6.003 5
6.004 1
6.005 1
6.01 131
6.02 11
6.1 1
6.2 1
6.3 1
60 247
60.001 25
60.002 6
60.003 1
60.01 37
60.02 2
60.03 1
60.04 1
601 1
603 1
61 288
61.001 32
61.002 10
61.003 3
61.004 2
61.01 3
61.011 1
61.02 1
61.03 1
610.01 1
612.01 1
62 247
62.001 25
62.002 10
62.003 4
62.004 1
62.01 25
62.02 3
63 300
63.001 38
63.00128 1
63.002 9
63.003 3
63.01 7
63.02 2
63.03 1
64 259
64.001 34
64.002 11
64.003 6
64.004 1
64.005 1
64.01 47
64.02 5
65 300
65.001 30
65.002 9
65.003 4
65.01 4
65.02 1
66 248
66.001 29
66.002 10
66.003 4
66.004 2
66.005 1
66.006 1
66.007 1
66.01 38
66.02 2
66.03 1
663 1
67 269
67.001 30
67.002 6
67.003 2
67.004 1
67.005 1
67.006 1
67.007 1
67.008 1
67.01 6
67.02 1
67.03 1
67.04 1
68 244
68.001 22
68.002 4
68.003 2
68.004 1
68.005 1
68.006 1
68.007 1
68.008 1
68.01 39
68.02 2
69 262
69.001 29
69.002 5
69.003 2
69.01 3
69.011 1
69.02 2
69.03 1
7 622
7.001 52
7.002 12
7.003 5
7.004 2
7.01 8
70 236
70.001 23
70.002 7
70.003 2
70.01 30
70.02 2
70.03 1
70.1 1
702 1
71 309
71.001 29
71.002 6
71.003 2
71.01 5
714 1
72 239
72.001 21
72.002 5
72.003 2
72.01 36
72.02 3
72.1 1
73 287
73.001 23
73.002 7
73.003 4
73.01 3
73.02 2
74 239
74.001 23
74.002 4
74.003 3
74.004 1
74.005 1
74.006 1
74.007 1
74.01 34
74.02 1
75 266
75.001 22
75.002 5
75.003 2
75.01 1
76 239
76.001 16
76.002 5
76.003 3
76.01 36
76.02 3
77 272
77.001 31
77.002 7
77.003 3
77.01 1
78 251
78.001 27
78.002 7
78.003 4
78.01 25
79 274
79.001 19
79.002 5
79.003 3
797 1
8 384
8.001 40
8.002 7
8.003 4
8.004 2
8.005 1
8.01 190
8.02 18
8.03 3
8.04 3
8.05 1
8.06 1
80 231
80.001 23
80.002 5
80.003 3
80.01 42
80.02 3
81 295
81.001 32
81.002 5
81.003 1
811 1
82 246
82.001 23
82.002 6
82.003 1
82.01 32
83 326
83.001 23
83.00176 1
83.002 6
83.003 3
83.004 1
83.01 3
84 237
84.001 24
84.002 4
84.003 3
84.01 44
84.1 1
843 1
85 294
85.001 30
85.002 7
85.003 2
85.01 2
86 234
86.001 24
86.002 6
86.003 2
86.004 1
86.01 33
86.1 1
87 275
87.001 27
87.002 3
87.003 2
87.01 1
871 1
871.001 1
873 1
875 1
875.0011 1
879 1
88 233
88.001 28
88.002 6
88.003 1
88.01 38
88.1 2
888 1
89 284
89.001 23
89.002 7
89.003 4
89.004 1
89.005 1
89.006 1
89.007 1
89.008 1
89.009 1
89.01 2
899 1
9 534
9.001 47
9.002 12
9.003 4
9.01 4
90 255
90.001 26
90.002 5
90.00244 1
90.003 3
90.004 2
90.005 1
90.006 1
90.007 1
90.008 1
90.01 23
901 1
91 289
91.001 26
91.002 11
91.003 4
91.004 2
91.005 1
91.006 1
91.007 1
91.008 1
91.01 1
92 258
92.001 30
92.002 11
92.003 5
92.004 1
92.005 1
92.01 24
92.02 1
92.1 1
93 276
93.001 28
93.002 9
93.003 4
93.004 2
93.005 1
93.006 1
93.007 1
93.008 1
93.01 1
93.02 1
94 275
94.001 44
94.002 12
94.003 9
94.004 3
94.005 1
94.006 1
94.007 1
94.01 26
94.02 1
95 291
95.001 36
95.002 9
95.003 6
95.004 2
95.005 1
95.006 1
95.007 1
95.01 2
96 234
96.001 30
96.002 13
96.003 8
96.004 3
96.005 1
96.006 1
96.01 51
96.02 2
961 1
97 325
97.001 32
97.002 12
97.003 4
97.004 1
97.005 1
97.006 1
97.01 2
98 233
98.001 33
98.002 15
98.003 11
98.004 3
98.005 2
98.006 1
98.01 26
98.1 2
986 1
99 295
99.001 36
99.002 10
99.003 6
99.004 4
99.005 2
99.006 1
99.007 1
99.008 1
