1737 1
1738 1
1739 1
1740 1
1741 1
1742 1
1743 1
1744 2
1745 2
1746 1
1747 1
1748 1
1749 1
1750 1
1751 1
1752 1
1753 1
1754 1
1755 1
1756 2
1757 2
1759 2
1760 1
1761 1
1762 1
1763 1
1764 2
1765 2
1766 3
1767 5
1768 6
1769 7
1770 10
1771 8
1772 9
1773 9
1774 14
1775 13
1776 18
1777 17
1778 16
1779 18
1780 19
1781 24
1782 28
1783 31
1784 29
1785 30
1786 31
1787 35
1788 34
1789 30
1790 31
1791 34
1792 41
1793 48
1794 46
1795 60
1796 67
1797 64
1798 84
1799 68
1800 79
1801 94
1802 91
1803 81
1804 74
1805 74
1806 64
1807 55
1808 59
1809 59
1810 57
1811 63
1812 58
1813 55
1814 40
1815 59
1816 60
1817 65
1818 58
1819 58
1820 58
1821 65
1822 63
1823 73
1824 67
1825 71
1826 77
1827 72
1828 80
1829 69
1830 75
1831 72
1832 65
1833 66
1834 59
1835 58
1836 63
1837 62
1838 68
1839 70
1840 67
1841 63
1842 62
1843 57
1844 60
1845 66
1846 64
1847 64
1848 58
1849 41
1850 38
1851 36
1852 37
1853 34
1854 26
1855 28
1856 26
1857 27
1858 33
1859 17
1860 18
1861 10
1862 10
1863 12
1864 11
1865 8
1866 9
1867 9
1868 6
1869 9
1870 9
1871 8
1872 7
1873 7
1874 5
1875 4
1876 4
1877 3
1878 3
1879 3
1880 3
1881 3
1882 3
1883 3
1884 3
1885 3
1886 5
1887 5
1888 3
1889 3
1890 3
1891 3
1892 4
1893 2
1894 1
1895 1
1896 1
1897 1
1898 1
1899 1
1900 1
1901 1
1902 1
