1 39
10 18
100 87
1000 66
1001 39
1003 107
1004 106
1009 32
101 129
1011 52
1012 36
1013 140
1014 106
1016 134
1017 119
1018 115
1019 134
102 120
1020 60
1021 56
1024 106
1025 107
1026 94
1027 81
1028 54
1029 39
103 123
1030 70
1031 46
1032 30
1033 50
1034 46
1035 66
1036 56
1037 28
1038 34
1039 39
104 123
1040 47
1041 25
1042 46
1043 54
1044 81
1045 58
1046 50
1047 24
1048 24
1049 64
105 95
1050 24
1051 20
1052 17
1053 21
1054 38
1055 41
1056 21
1057 26
1058 29
1059 26
106 133
1060 25
1061 22
1062 25
1063 25
1064 27
1065 29
1066 29
1067 27
1068 25
1069 24
107 116
1070 21
1071 26
1072 39
1073 28
1074 50
1075 28
1076 59
1077 23
1078 3
1079 22
108 177
1080 4
1081 27
1082 3
1083 22
1084 23
1085 14
1086 27
1087 35
1088 116
1089 216
109 139
1090 3
1091 101
1092 67
1093 17
1094 13
1095 8
1096 4
1099 18
11 28
110 124
1100 20
1101 19
1102 17
1103 27
1104 316
1105 57
1106 131
1107 122
1108 35
1109 50
111 116
1110 36
1111 35
1112 33
1114 31
1115 24
1116 25
1118 10
1119 14
112 109
1120 18
1121 123
1122 40
1123 39
1124 27
1125 79
1127 37
1128 37
113 101
1130 40
1132 41
1133 50
1134 59
1135 51
1136 47
1137 50
1138 44
1139 54
114 107
1140 49
1141 59
1142 64
1143 69
1144 69
1145 73
1146 102
1147 67
1148 66
1149 71
115 99
1150 63
1151 82
1152 75
1153 86
1154 70
1155 100
1156 246
1157 109
1158 117
1159 48
116 94
1160 91
1161 35
1162 72
1165 82
117 90
1173 68
1174 1
1176 1
1177 12
1178 1
1179 2
118 118
1181 42
1187 49
1188 49
119 133
1194 62
1196 11
1197 1
1198 7
12 68
120 95
121 121
122 90
1226 157
1227 50
1228 41
123 83
1230 77
1236 75
124 103
1241 7
1242 7
1243 6
1246 5
1247 15
1248 17
125 98
1250 15
1251 14
1254 16
1255 14
1257 14
1258 17
1259 16
126 91
1260 15
1261 16
1262 15
1263 16
1265 11
1266 16
1267 14
1268 13
1269 14
127 99
1270 9
1271 21
1272 14
1273 17
1274 14
1275 16
1276 13
1277 1
1278 14
1279 14
128 129
1280 14
1281 15
1282 12
1283 16
1284 13
1285 10
1286 14
1287 10
1288 14
1289 14
129 106
1290 18
1291 14
1292 15
1293 16
1294 14
1295 13
1296 17
1297 17
1298 18
1299 18
13 103
130 105
1300 17
1301 18
1304 36
1305 1
1306 70
131 45
1310 22
1312 21
1313 26
1314 32
1315 37
1316 23
1318 32
1319 21
132 1
1320 26
133 172
1337 19
1338 30
1339 19
134 132
1340 48
1341 31
1342 16
1344 14
1345 87
1346 8
135 190
1351 18
136 31
137 20
138 65
139 87
14 71
140 79
141 67
1412 1
1413 72
142 51
1427 1
1428 1
143 62
144 50
145 66
1453 20
146 78
147 72
1471 44
1474 86
1475 27
1477 25
1478 23
1479 27
148 68
1480 21
149 55
15 141
150 51
151 69
152 63
1525 9
1526 61
1527 76
1528 89
1529 119
153 69
154 62
155 53
1554 1
1556 1
1557 1
156 57
157 63
1575 80
158 60
1580 42
1581 62
1582 52
1583 67
1584 42
1585 34
1586 35
1588 60
159 87
1591 44
1594 66
1595 38
1596 57
1597 78
1598 84
1599 67
16 105
160 85
1600 75
1601 62
1602 83
1603 88
1604 28
1605 68
1606 75
1607 56
1608 66
1609 71
161 46
1611 58
1616 32
1619 9
162 51
1624 7
1625 24
1628 13
163 45
1630 13
1633 28
1636 97
1638 90
164 67
1648 31
165 69
1657 2
166 56
167 60
168 62
169 95
1694 55
1695 61
1696 60
1697 64
1698 76
17 11
170 72
1700 56
1703 92
1705 20
171 79
1710 38
172 86
1720 91
1721 63
1724 102
173 44
174 36
175 73
1752 1
1757 1
1759 63
176 24
177 165
1770 73
1772 73
1773 48
1775 67
1779 16
178 96
1780 142
1781 53
1782 28
1783 22
1784 175
1785 121
1789 44
179 90
1790 60
1791 52
1792 81
1793 55
1794 62
1795 56
1796 67
1797 72
1798 47
1799 41
18 12
180 158
1800 38
1801 38
1802 40
1803 73
1804 35
1805 33
1806 55
1807 35
1808 53
1809 44
181 137
1810 45
1811 54
1812 44
1813 51
1814 69
1815 61
1816 70
182 149
1824 156
1826 45
1827 59
183 1
1830 73
1832 14
1833 25
1834 14
184 153
1840 67
1841 32
1842 47
1845 46
1847 38
1848 25
185 144
1854 42
1855 39
1856 25
1858 21
186 69
1860 60
1862 104
1863 57
1864 80
1865 79
1866 88
1867 118
1868 67
1869 87
187 82
1871 154
1872 77
1873 98
1874 60
1875 69
1876 84
1877 46
1878 73
1879 111
188 52
1880 67
1881 53
1882 56
1883 53
1884 72
1885 72
189 105
1891 26
1894 33
1895 28
1898 31
19 4
190 57
1902 34
1903 29
1904 31
1909 21
191 39
1910 23
1911 39
1913 24
1914 45
1915 47
1918 30
192 49
1921 48
1922 59
1923 31
1924 37
1925 139
1926 41
1927 64
1928 59
1929 86
193 64
1930 78
1931 106
1932 70
1933 71
1935 56
1937 18
1938 73
194 63
1941 1
1942 9
1944 11
1946 36
1947 37
1949 29
195 66
1950 32
1951 31
1952 28
196 53
1967 39
1969 22
197 361
1970 111
198 47
199 37
2 43
20 6
200 33
2009 30
201 348
2010 34
2012 46
2013 30
202 175
203 235
204 238
205 197
206 218
207 249
208 137
209 172
21 138
210 210
211 226
212 176
213 78
214 178
2140 41
2141 40
2142 40
2143 46
2144 39
2148 39
2149 35
215 167
2150 57
2151 59
2152 71
2153 55
2154 58
2155 67
2156 56
2157 80
2158 69
2159 69
216 178
2161 55
2162 82
2163 66
2164 71
2165 68
2166 99
2167 59
2168 52
2169 37
217 209
2170 61
2171 55
2172 49
2173 46
2174 47
2175 37
2177 52
218 187
2180 55
2181 33
2183 43
2184 39
2185 25
2186 27
2187 17
2188 20
219 167
2190 54
2196 35
2197 41
2198 13
2199 15
22 85
220 182
2200 67
2202 44
2203 37
2204 61
2205 28
2206 27
2207 74
2208 39
2209 36
221 130
2210 24
2211 23
2212 24
222 58
2223 1
2224 1
223 60
2233 14
2235 10
2236 1
2237 17
2238 16
2239 17
224 67
2240 17
2241 18
2242 17
2243 18
2244 18
2247 105
2248 42
2249 29
225 66
2250 32
2251 24
226 90
227 83
2274 1
228 135
2283 49
2284 1
2286 129
2287 12
229 74
2297 326
2299 174
23 95
230 66
2300 349
2301 246
2302 240
2303 225
2304 274
2305 318
2306 268
2307 257
2309 78
231 66
2310 79
2311 156
2312 122
2314 129
2319 108
232 125
2329 152
233 84
2331 161
2332 241
234 57
235 47
236 42
2363 10
2365 12
2366 10
2367 28
2368 37
2369 21
237 32
2370 22
2371 37
2372 25
2373 14
2374 60
2375 68
2376 1
238 22
2382 31
2383 28
2384 40
2385 32
2386 41
2387 43
2388 33
2389 43
239 20
2391 48
2392 46
2393 36
2394 82
2395 26
2396 36
2397 60
2398 31
2399 52
24 56
240 49
2400 43
2401 29
2402 63
2403 45
2404 39
2405 53
2406 42
2407 38
2408 67
2409 56
241 1
2410 36
2411 22
2412 28
2413 13
2414 15
2415 20
2416 19
2417 16
2418 20
2419 16
242 1
243 112
244 88
2441 1
2444 45
2447 120
245 87
246 81
2469 18
247 86
2470 22
2471 18
2472 14
2473 19
2474 21
2475 20
2476 57
2477 16
2478 15
2479 16
248 78
2480 26
2481 20
2482 22
2483 16
2484 18
2485 19
2486 17
2487 13
2488 17
2489 9
249 72
2490 57
2495 22
25 82
250 73
2507 1
2509 60
251 116
2511 32
2512 30
2513 29
2517 66
2518 34
252 121
2521 32
253 92
254 66
255 97
256 91
257 46
258 86
259 88
26 102
260 77
261 63
2614 175
2615 162
2616 105
262 22
2621 146
2622 181
263 115
2631 45
2632 32
2633 32
2634 34
2639 14
264 127
2640 13
2643 102
265 137
2654 34
2655 155
2657 35
2658 63
266 111
2661 1
2668 75
2669 77
267 107
2670 72
2671 125
2672 149
2673 3
2677 88
268 163
2686 28
2687 30
2688 24
2689 24
269 138
2691 22
2692 28
2693 24
2694 39
2696 8
2699 67
27 24
270 100
2700 87
2702 120
2703 88
2704 3
2705 51
2706 93
2707 64
2708 39
2709 61
271 140
2712 78
2713 91
2715 49
2717 83
2718 101
2719 41
272 122
2720 82
2721 89
2727 9
273 120
2730 13
2731 17
2732 12
2733 15
2734 18
2735 11
2736 48
274 85
275 140
2751 62
2752 37
2753 33
276 27
277 49
278 32
279 25
2794 33
2795 9
2796 1
28 80
280 56
2808 39
281 149
2817 1
282 79
2823 18
2824 41
2825 53
2826 57
2827 28
2828 20
2829 23
283 107
2831 97
2832 188
2833 68
2838 5
284 84
2840 54
2842 54
2843 50
2844 39
285 1
2851 52
2852 24
2853 1
2854 63
2855 21
2856 19
2857 16
2859 26
286 1
2860 20
2861 28
2862 14
2863 122
2867 40
2869 15
287 76
2872 41
2873 97
2874 77
2875 126
2876 123
2878 6
2879 37
288 1
289 1
29 120
290 65
291 28
292 39
2925 43
2928 64
2929 28
293 34
2930 47
2931 9
294 36
295 85
296 182
2961 1
297 26
2975 58
298 140
2984 35
299 121
3 54
30 54
300 114
301 153
302 114
3025 37
3026 40
303 98
304 99
305 38
3053 40
3054 30
3055 40
3056 24
3057 25
3058 39
3059 29
306 83
3060 60
3069 30
307 34
3070 37
3071 134
3072 80
3073 87
3074 99
3075 108
3076 112
3077 122
308 55
3080 1
3081 17
3085 71
309 53
3096 1
3098 18
3099 67
31 210
310 1
3100 83
3101 62
3102 82
3103 36
3104 67
3106 30
3107 36
3108 44
3109 56
311 63
3110 70
3111 77
3112 80
3113 69
3114 82
3115 100
3116 75
3117 67
3118 102
3119 57
312 78
3120 34
3121 50
3122 55
3123 37
3124 51
3126 47
313 106
314 56
315 1
316 36
317 53
318 1
3180 40
319 60
32 80
320 75
3206 11
3207 37
3208 126
3209 114
321 53
3210 73
3211 65
3212 75
3213 76
3214 76
3215 88
3216 55
3218 74
3219 56
322 59
3220 64
3221 94
3222 54
3223 69
3224 90
3225 80
3226 77
3227 58
3228 93
3229 74
323 77
3230 80
3231 54
3232 66
3233 61
3234 57
3235 31
3236 17
3237 28
3238 106
3239 13
324 93
3240 10
3241 9
3245 8
3246 93
3247 93
3248 103
3249 77
325 107
3250 75
3251 71
3252 65
3253 69
3254 81
3255 72
3256 80
3257 75
3258 62
3259 81
326 93
3260 50
3261 75
3262 78
3263 57
3264 71
3265 57
3266 55
3267 1
3268 50
3269 51
327 160
3270 33
3271 54
3272 31
3273 69
328 129
3280 109
3281 88
3282 78
3283 56
3284 55
3285 54
3288 55
329 205
3293 50
33 108
330 203
331 297
332 260
3321 118
3325 5
3326 1
3327 1
3328 1
3329 37
333 252
3332 42
3338 99
334 289
3340 44
3342 35
3346 59
3348 46
3349 30
335 315
3350 40
3352 44
3353 1
3354 57
3356 58
3357 30
3358 51
3359 34
336 244
3360 38
3362 36
3363 17
3364 17
3365 18
3366 21
3367 16
3368 13
3369 16
337 245
3370 17
3371 15
3372 15
3373 16
3374 17
3375 16
3376 13
3377 16
3378 15
3379 17
338 125
3380 16
3381 18
3383 17
3384 16
3385 16
3386 15
3387 30
3388 12
339 56
3392 45
3399 41
34 42
340 102
3402 32
3403 20
3404 16
3405 14
3406 23
3407 24
3408 42
3409 27
341 30
3410 18
3411 23
3412 21
3413 23
3414 22
3415 23
3416 23
3417 45
3418 49
3419 33
342 82
3420 45
3421 34
3422 34
3423 1
3424 1
3425 1
3426 5
3427 1
3428 7
3429 1
343 95
3430 1
3431 1
3432 7
3433 1
3434 1
3435 4
3436 1
3437 1
3438 1
3439 1
344 57
3440 1
3441 1
3442 1
3443 1
3444 1
3445 1
3446 1
3447 4
3448 4
3449 6
345 38
3450 4
3452 23
3453 23
3454 22
3455 24
3456 24
3457 23
3458 24
3459 24
346 96
3460 25
3461 22
3462 21
3463 21
3464 14
3465 20
3466 16
3467 14
3468 18
3469 18
347 113
3470 17
3471 17
3472 16
3473 15
3474 17
3475 16
3476 15
3477 28
3478 19
3479 18
348 177
3480 19
3481 18
3482 18
3483 19
3484 18
3485 19
349 242
3494 20
3495 24
3496 26
3497 35
3498 56
3499 33
35 87
350 169
3500 57
3501 65
3502 45
3503 53
351 136
352 176
353 201
3532 72
3533 28
3535 31
354 88
3546 1
355 143
3551 63
3554 1
356 104
3562 13
3563 9
357 66
358 35
3581 71
3583 11
3584 36
3589 22
359 46
3590 74
3592 5
3595 111
3597 14
3599 175
36 44
360 61
3600 131
3601 43
3602 43
3603 185
3604 60
3605 37
3606 1
361 31
3610 7
3611 90
3612 101
3614 128
3616 98
362 61
3620 41
3621 7
3622 30
363 1
3634 98
3635 82
3636 10
3637 5
364 44
3640 7
3642 380
3644 44
3645 66
3646 63
3647 3
3648 33
3649 19
3651 39
3652 47
3653 44
3654 1
3657 52
366 90
3662 1
3665 5
3666 54
367 50
3673 101
3675 85
3677 77
3678 99
3679 5
368 73
3686 34
3688 24
369 43
3690 14
3691 15
3692 18
3698 38
3699 44
37 47
370 97
3702 73
3703 53
3704 37
3705 31
3708 8
3709 129
371 97
3711 8
3712 34
3713 13
3714 11
3715 18
3716 26
372 134
3723 23
3724 91
3725 173
3726 30
3727 39
3729 79
373 80
3731 28
3732 138
3733 8
3734 11
3735 32
3736 41
3737 16
3738 19
3739 38
374 75
3741 42
3743 81
3744 83
3746 30
3748 30
375 92
376 64
3762 3
3767 27
377 91
3773 29
3775 21
3776 16
378 102
3782 19
3783 21
3784 24
3786 40
3789 48
379 73
3790 24
3795 39
3798 35
38 90
380 78
3801 36
3802 29
3803 24
3804 45
3806 18
381 75
3810 1
3811 4
3817 72
382 53
3828 1
3829 22
383 59
3830 24
3831 17
3834 50
3836 60
3837 41
3839 29
384 97
3847 28
385 114
3850 33
3854 89
3855 35
3856 18
3857 4
386 67
387 49
388 55
3880 89
3881 39
3883 1
3884 1
3885 1
3886 1
3888 1
3889 2
389 51
3890 11
3891 32
3893 32
3894 24
3895 84
3899 3
39 78
390 49
3900 7
3905 117
3906 10
3907 41
391 32
3915 74
3916 25
3917 41
392 44
3920 126
3926 79
3927 58
3928 1
3929 51
393 34
3935 62
394 41
3946 31
3947 1
3948 35
395 40
3952 47
3955 28
3956 34
3957 50
3958 37
396 37
3961 35
3962 36
3963 37
3966 1
3967 1
3968 3
3969 3
397 52
3970 3
3971 1
3972 1
3973 1
3974 46
3975 1
3976 3
3977 1
3978 3
3979 1
398 38
3981 88
3982 29
3985 14
3987 24
399 34
3998 1
4 29
40 61
400 48
4004 144
4008 9
4009 19
401 42
4011 54
4012 9
4013 5
4014 36
4015 21
4016 19
4017 32
4018 50
4019 28
402 30
4020 2
4021 13
4022 16
4023 11
4024 16
4025 1
4026 1
4028 1
403 38
404 36
405 16
4055 1
4058 58
4059 1
406 15
4061 1
4062 1
4064 1
4066 1
4067 3
4068 3
407 81
4070 1
4074 122
4076 1
4077 94
4078 59
4079 30
408 72
4080 120
4082 30
4083 4
4084 14
4085 37
4087 3
4088 1
4089 41
409 85
4090 140
4091 92
4093 69
4094 155
4097 45
4098 17
4099 25
41 68
4100 29
4101 26
4102 28
4103 28
411 65
4110 75
4114 69
412 60
4125 40
4127 55
4128 105
4135 26
414 77
4146 1
4147 74
4148 37
4149 86
4151 1
4153 221
4154 18
4156 67
4159 61
4160 104
4163 24
4165 1
4166 69
4167 69
417 65
4170 14
4171 24
4172 62
4173 68
4174 60
4175 37
4176 55
4177 104
4178 1
4179 1
418 57
4180 5
4186 25
4187 15
4188 17
4195 6
4198 2
4199 3
42 74
420 78
4201 1
4202 28
4206 6
4207 29
4208 131
4209 52
421 72
4212 2
4214 1
4215 39
4218 2
422 93
4221 70
4223 39
4225 13
4226 13
4229 19
423 63
4230 7
4238 12
4239 6
424 78
4240 1
4241 1
4242 91
4245 30
4246 90
4248 19
4249 79
425 77
4250 53
426 81
4260 4
4261 25
4262 5
427 141
4270 7
4273 7
4278 7
428 108
4282 14
4285 1
4289 1
429 57
4291 1
4295 11
4296 30
43 48
430 112
4300 64
4301 15
4303 1
4309 7
431 84
4311 80
4314 1
4315 19
432 23
4320 13
4321 152
4322 10
4324 19
4326 152
4327 26
433 21
4330 92
4331 112
4337 45
4339 269
434 39
4341 43
4342 27
4344 2
4345 19
4346 27
4347 31
435 46
4350 1
4351 48
4352 2
4353 62
4354 64
4355 3
4358 1
436 32
4360 1
4361 1
4364 5
4367 41
437 65
4371 62
4372 59
4376 1
4377 88
4378 1
4379 1
438 50
4380 1
4381 1
4382 1
4383 1
4384 1
4385 1
4386 1
4387 1
4388 1
4389 1
439 52
4390 1
4391 1
4392 1
4393 1
4394 1
4395 1
4396 1
4397 1
4398 1
4399 1
44 69
4400 1
4401 1
4402 1
4403 1
4404 1
4405 1
4406 1
4407 1
4408 1
4409 1
441 34
4410 1
4411 1
4412 1
4413 1
4414 1
4415 1
4416 6
4417 1
4418 1
4419 1
442 40
4420 1
4421 1
4422 1
4424 24
4425 1
4426 1
4427 77
4428 7
4429 36
443 28
4430 41
4431 34
4432 1
4438 1
4439 76
444 35
4440 83
4442 72
4444 1
4445 35
4446 22
4447 24
4448 147
445 55
4450 8
4451 4
4452 1
4453 1
4454 1
4455 1
4456 1
4457 1
4458 1
4459 1
446 26
4468 18
4469 1
447 39
4472 50
4475 1
4476 1
4477 1
4478 1
448 43
4481 1
4482 13
4483 1
4484 1
449 41
4492 1
4493 1
4494 1
45 182
450 60
4504 60
4505 56
4506 53
4507 1
4509 1
451 70
4512 1
4517 29
4519 31
452 88
4527 2
4529 86
453 55
4534 60
4538 26
454 48
455 62
456 63
4568 1
4569 1
457 65
4571 44
4572 8
4573 1
4574 2
4575 1
4576 4
4577 3
458 57
4585 41
4586 63
4588 1
4589 94
459 66
4595 3
4599 2
46 145
460 54
4600 3
4603 1
4605 154
4606 1
4607 1
4608 1
4609 1
461 69
4610 3
4614 29
4615 1
4616 3
4617 1
462 137
4625 16
4626 18
4627 35
463 87
4631 1
4632 1
4633 2
4634 3
4635 2
4636 28
4639 1
464 68
4640 1
4641 1
4642 1
4643 1
4644 1
4645 1
4647 1
4648 1
4649 1
465 73
4650 4
4651 4
4653 3
4654 2
4655 4
4656 1
4657 55
4658 4
4659 2
466 61
4660 8
4661 1
4663 1
4664 2
4665 2
4666 1
4667 1
4668 1
4669 1
467 116
4670 7
4671 1
4674 57
4675 1
4676 1
4677 1
4678 1
4679 1
468 86
4680 1
4681 1
4683 1
4684 38
4685 31
4687 1
4688 1
4689 10
469 58
4690 1
4691 1
4692 1
4694 14
4695 19
4696 1
4697 1
4698 9
4699 16
47 83
470 84
4702 49
4703 6
4704 1
4706 1
4707 3
4708 1
4709 1
471 59
4710 76
4711 34
4713 2
4718 1
4719 1
472 110
4720 1
4721 1
4722 1
4726 1
4727 1
473 73
4730 1
4731 1
4732 1
4736 1
4737 1
4738 1
4739 1
474 39
4740 1
4742 1
4743 1
4744 2
4745 1
4746 1
4747 1
4748 1
4749 1
475 52
4750 113
4751 48
4752 1
4753 47
4754 1
4755 22
4756 1
4757 1
4758 1
4759 1
476 93
4760 1
4761 105
4762 1
4763 24
4764 62
4767 1
4768 110
477 139
4770 102
4771 17
4772 6
4773 15
4774 15
4775 1
4776 1
4777 1
4779 1
478 50
4781 3
4782 1
4783 1
4784 1
4785 1
4786 1
4787 42
4788 20
4789 31
479 69
4790 1
4791 4
4792 1
4793 1
4794 1
4795 3
4798 88
4799 22
48 82
480 55
4800 1
4801 1
4802 22
4803 18
4805 2
4807 1
4809 103
481 52
4812 11
4813 27
4814 44
4815 5
4816 57
4817 1
4818 39
4819 2
482 88
4820 9
4821 17
4822 38
4823 6
4824 20
4826 30
4827 1
4828 1
4829 1
483 57
4830 1
4831 77
4832 20
4833 21
4835 48
4836 1
4837 10
4838 77
4839 1
4840 1
4841 1
4842 1
4843 2
4845 1
4847 1
4848 1
4849 13
485 94
486 127
487 116
488 206
4886 1
489 110
49 109
490 135
491 105
492 99
493 7
494 5
495 77
496 2
497 2
498 3
499 88
5 18
50 32
500 3
501 66
502 9
503 61
504 29
505 60
506 20
507 67
508 53
509 223
51 53
510 236
511 674
512 40
513 65
514 68
515 55
516 95
517 78
518 54
519 83
52 35
520 113
521 173
522 91
523 89
524 163
525 122
526 118
527 88
528 83
529 89
53 34
530 88
531 72
532 66
533 113
534 44
535 51
536 3
537 106
538 26
539 23
54 28
540 27
541 23
542 26
543 19
544 26
545 23
546 23
547 21
548 28
549 10
55 23
550 17
551 16
552 90
553 28
554 18
555 28
556 33
557 22
558 40
559 40
56 63
560 262
562 186
563 137
564 4
565 39
566 52
567 41
568 39
569 33
57 89
570 32
571 33
572 36
573 35
574 37
575 41
576 50
577 33
578 20
579 29
58 22
580 33
581 32
582 29
583 33
584 33
585 33
586 44
587 39
588 36
589 34
59 22
590 37
591 25
592 24
593 23
594 24
595 29
596 37
597 41
598 30
599 28
6 41
60 157
600 56
601 64
602 52
603 74
604 26
605 29
606 29
607 31
608 28
609 22
61 19
610 20
611 20
612 13
613 84
614 73
615 111
616 107
617 58
618 18
619 21
62 37
620 21
621 25
622 17
623 77
624 88
625 300
626 303
627 259
628 237
629 213
63 19
630 66
631 77
632 64
633 65
634 66
635 39
636 65
637 50
638 63
639 62
64 22
640 61
641 63
642 64
643 58
644 60
645 69
646 48
647 46
648 56
649 66
65 36
650 49
651 72
652 76
653 56
654 54
655 51
656 49
657 50
658 45
659 53
66 12
660 1
661 47
662 85
663 64
664 70
665 134
666 155
667 36
668 32
669 44
67 11
670 26
671 14
672 171
673 44
674 38
675 85
676 627
677 68
678 67
679 1
68 11
680 31
681 37
682 31
683 33
684 24
685 29
686 29
687 23
688 34
689 27
69 10
690 33
691 20
692 30
693 36
694 29
695 38
696 46
697 43
698 42
699 43
7 38
70 11
700 44
701 40
702 45
703 34
704 40
705 34
706 43
707 39
708 40
709 27
71 11
710 44
711 24
712 35
713 35
714 24
715 20
716 19
717 19
718 19
719 25
72 12
720 15
721 20
722 19
723 86
724 96
725 86
726 117
727 100
728 76
729 96
73 12
730 79
731 100
732 92
733 109
734 82
735 108
736 116
737 110
738 89
739 116
74 11
740 95
741 66
742 113
743 83
744 134
745 137
746 235
747 159
748 218
749 34
75 148
750 55
751 59
752 20
753 50
754 92
755 133
756 73
757 94
758 106
759 63
76 155
760 86
761 56
762 161
763 16
764 22
765 3
766 6
767 115
768 98
769 47
77 153
770 68
771 61
772 55
773 32
774 23
775 25
776 92
777 66
778 48
779 39
78 146
780 23
781 53
782 35
783 32
784 31
785 25
787 30
789 27
79 104
790 28
791 31
793 26
794 28
796 30
797 47
798 51
799 46
8 68
80 135
800 45
801 23
805 39
806 23
81 149
82 128
821 20
822 18
825 45
826 42
827 45
828 37
829 38
83 166
830 37
831 32
833 52
834 29
835 23
836 22
837 66
838 28
839 21
84 120
840 23
841 26
842 17
843 16
844 22
845 18
846 38
847 22
848 19
849 21
85 123
851 37
852 18
853 20
854 23
855 37
856 20
857 22
858 22
859 21
86 128
860 20
861 22
862 35
863 32
864 41
865 35
866 33
867 40
868 30
869 54
87 115
870 36
871 39
872 67
873 43
874 38
875 23
876 25
877 24
878 20
879 23
88 112
880 24
881 26
882 26
883 26
884 22
885 21
89 120
890 34
891 41
892 58
893 48
894 42
895 41
896 48
897 20
898 122
9 52
90 140
902 44
905 25
91 126
915 30
92 161
921 19
922 31
924 94
925 45
926 33
927 15
928 62
929 11
93 165
930 7
932 38
933 50
934 53
935 66
936 63
937 56
938 51
939 59
94 195
940 59
941 57
942 59
943 56
944 50
945 37
946 11
947 31
948 42
949 40
95 170
950 38
951 41
952 21
953 10
954 7
955 52
956 77
957 54
958 1
96 150
961 56
964 57
966 64
967 79
969 81
97 129
974 48
98 128
981 49
984 41
988 32
989 45
99 104
990 36
992 36
994 31
996 35
997 57
998 62
999 90
