2873 97
837 66
880 24
869 54
870 36
871 39
173 44
349 242
766 6
856 20
775 25
4172 62
4173 68
436 32
3783 21
779 39
490 135
37 47
60 157
770 68
83 166
78 146
101 129
767 115
68 11
69 10
70 11
184 153
28 80
6 41
31 210
82 128
894 42
862 35
864 41
865 35
866 33
768 98
681 37
682 31
109 139
45 182
46 145
9 52
40 61
41 68
49 109
693 36
680 31
683 33
116 94
789 27
844 22
863 32
3 54
12 68
8 68
685 29
688 34
54 28
95 170
93 165
566 52
567 41
847 22
33 108
29 120
35 87
486 127
75 148
76 155
61 19
684 24
119 133
123 83
181 137
85 123
26 102
771 61
694 29
77 153
11 28
25 82
676 627
94 195
97 129
92 161
487 116
443 28
411 65
896 48
858 22
696 46
115 99
107 116
108 177
104 123
44 69
482 88
483 57
38 90
39 78
489 110
439 52
953 10
63 19
64 22
53 34
695 38
893 48
769 47
66 12
67 11
7 38
890 34
80 135
36 44
71 11
72 12
73 12
538 26
539 23
700 44
690 33
42 74
43 48
90 140
88 112
540 27
891 41
338 125
697 43
840 23
311 63
848 19
852 18
624 88
687 23
187 82
130 105
124 103
125 98
111 116
831 32
829 38
52 35
81 149
50 32
135 190
139 87
860 20
182 149
774 23
881 26
10 18
86 128
51 53
87 115
103 123
79 104
13 103
689 27
328 129
691 20
113 101
201 348
59 22
686 29
772 55
773 32
120 95
659 53
661 47
783 32
4 29
267 107
663 64
565 39
855 37
102 120
178 96
114 107
316 36
319 60
296 182
148 68
150 51
151 69
155 53
485 94
776 92
121 121
58 22
874 38
883 26
74 11
1 39
2 43
65 36
179 90
194 63
195 66
197 361
55 23
89 120
126 91
186 69
145 66
98 128
30 54
198 47
161 46
162 51
149 55
138 65
117 90
118 118
175 73
144 50
142 51
164 67
180 158
140 79
84 120
205 197
215 167
185 144
91 126
141 67
206 218
122 90
208 137
134 132
110 124
207 249
166 56
133 172
106 133
105 95
146 78
217 209
147 72
247 86
253 92
212 176
165 69
204 238
243 112
211 226
170 72
192 49
177 165
209 172
129 106
203 235
152 1
153 69
154 62
167 60
168 62
171 79
127 99
128 129
163 45
188 52
189 105
190 57
191 39
229 74
202 175
99 104
216 178
256 91
258 86
210 210
112 109
214 178
224 67
219 167
143 62
96 150
510 236
137 20
273 120
218 187
176 24
221 130
200 33
275 140
245 87
174 36
220 182
183 1
132 1
131 45
222 58
228 135
223 60
255 97
251 116
100 87
231 66
230 66
240 49
241 1
172 86
213 78
156 57
158 60
160 85
232 125
246 81
249 72
234 57
259 88
236 42
227 83
226 90
248 78
254 66
239 20
244 88
262 22
199 37
260 77
268 163
266 111
277 49
261 63
281 149
225 66
233 84
242 1
265 137
237 32
269 138
264 127
235 47
331 297
459 66
271 140
272 122
287 76
283 107
278 32
238 22
300 114
291 28
270 100
306 83
324 93
280 56
284 84
301 153
329 205
297 26
299 121
332 260
341 30
274 85
333 252
330 203
292 39
336 244
263 115
381 75
339 56
304 99
276 27
309 53
307 34
302 114
305 38
394 41
384 97
350 169
290 65
295 85
193 64
294 36
279 25
322 59
313 106
298 140
303 98
314 56
293 34
321 53
343 95
337 245
346 96
340 102
282 79
308 55
385 114
377 91
326 93
421 72
412 60
359 46
312 78
342 82
250 73
347 113
345 38
351 136
354 88
420 78
362 61
375 92
356 104
352 176
353 201
348 177
395 40
428 108
325 107
425 77
426 81
374 75
373 80
399 34
457 65
423 63
424 78
360 61
396 37
403 38
449 41
450 60
472 110
473 73
388 55
367 50
368 73
370 97
357 66
372 134
344 57
397 52
398 38
430 112
461 69
455 62
456 63
371 97
429 57
369 43
468 86
358 35
393 34
460 54
478 50
454 48
477 139
470 84
389 51
390 49
431 84
310 1
422 93
379 73
364 44
458 57
335 315
383 59
491 105
462 137
378 102
380 78
418 57
2702 120
386 67
467 116
453 55
452 88
382 53
405 16
441 34
442 40
438 50
391 32
509 223
366 90
463 87
465 73
488 206
257 46
376 64
404 36
451 70
361 31
434 39
479 69
447 39
387 49
433 21
409 85
480 55
481 52
432 23
464 68
400 48
355 143
511 674
474 39
408 72
471 59
446 26
466 61
392 44
523 89
495 77
407 81
327 160
289 1
334 289
285 1
286 1
288 1
363 1
196 53
315 1
406 15
21 138
507 67
475 52
317 53
318 1
320 75
323 77
252 121
159 87
136 31
401 42
402 30
503 61
527 88
521 173
563 137
560 262
613 84
585 33
524 163
505 60
504 29
498 3
533 113
499 88
492 99
514 68
493 7
494 5
513 65
508 53
532 66
557 22
520 113
515 55
529 89
593 23
596 37
516 95
548 28
553 28
526 118
543 19
544 26
469 58
518 54
519 83
528 83
525 122
506 20
531 72
625 300
665 134
500 3
555 28
535 51
501 66
552 90
530 88
629 213
522 91
603 74
597 41
512 40
541 23
558 40
554 18
556 33
599 28
569 33
537 106
550 17
502 9
536 3
581 32
517 78
435 46
551 16
496 2
497 2
582 29
583 33
587 39
568 39
572 36
602 52
626 303
580 33
643 58
642 64
628 237
635 39
574 37
667 36
577 33
578 20
584 33
579 29
476 93
571 33
604 26
615 111
640 61
675 85
598 30
595 29
589 34
600 56
601 64
590 37
623 77
616 107
549 10
573 35
619 21
657 50
5 18
614 73
546 23
547 21
592 24
605 29
607 31
545 23
591 25
633 65
570 32
634 66
669 44
627 259
662 85
542 26
608 28
956 77
707 39
723 86
16 105
621 25
755 133
637 50
609 22
631 77
632 64
668 32
654 54
15 141
655 51
644 60
666 155
672 171
639 62
646 48
656 49
648 56
664 70
14 71
559 40
759 63
710 44
658 45
630 66
594 24
638 63
653 56
724 96
617 58
606 29
673 44
674 38
647 46
652 76
564 4
709 27
611 20
732 92
671 14
641 63
670 26
725 86
705 34
706 43
677 68
729 96
746 235
649 66
650 49
748 218
651 72
728 76
612 13
727 100
169 95
610 20
743 83
747 159
24 56
576 50
733 109
1104 316
981 49
713 35
714 24
736 116
712 35
734 82
744 134
726 117
742 113
699 43
741 66
756 73
715 20
23 95
708 40
745 137
701 40
17 11
750 55
739 116
678 67
698 42
22 85
735 108
722 19
753 50
716 19
718 19
702 45
703 34
730 79
948 42
938 51
704 40
761 56
762 161
763 16
1013 140
679 1
738 89
692 30
754 92
731 100
711 24
861 22
737 110
27 24
32 80
56 63
34 42
877 24
720 15
1093 17
1000 66
1025 107
1026 94
62 37
740 95
933 50
984 41
1018 115
935 66
18 12
764 22
944 50
945 37
939 59
20 6
1088 116
1089 216
757 94
48 82
57 89
1021 56
47 83
1028 54
1029 39
876 25
842 17
1024 106
949 40
936 63
996 35
924 94
841 26
946 11
947 31
898 122
961 56
897 20
885 21
1016 134
943 56
1030 70
760 86
934 53
967 79
952 21
940 59
892 58
1035 66
1069 24
950 38
1087 35
1094 13
1086 27
932 38
1134 59
3581 71
941 57
921 19
875 23
1101 19
2329 152
1043 54
1044 81
1091 101
926 33
1053 21
717 19
955 52
937 56
1105 57
1100 20
1066 29
1099 18
1102 17
1032 30
884 22
1027 81
1050 24
1065 29
957 54
958 1
19 4
966 64
1083 22
1084 23
1145 73
1146 102
1151 82
1107 122
1040 47
954 7
1137 50
1138 44
1140 49
951 41
1046 50
1077 23
1071 26
1082 3
1081 27
1188 49
3599 175
3595 111
1054 38
1152 75
1011 52
1149 71
1074 50
758 106
1111 35
3563 9
1121 123
1070 21
1064 27
1020 60
1042 46
1036 56
922 31
1055 41
1076 59
1079 22
2655 155
1827 59
1123 39
1096 4
1158 117
845 18
851 37
1039 39
1033 50
1106 131
1051 20
1049 64
1156 246
1154 70
1048 24
1143 69
1052 17
1031 46
1037 28
1047 24
1045 58
1041 25
1120 18
1068 25
1058 29
1059 26
1155 100
2928 64
1136 47
1139 54
1133 50
1034 46
798 51
974 48
618 18
1110 36
1118 10
1119 14
1144 69
1073 28
3600 131
1159 48
1114 31
1125 79
1103 27
853 20
1078 3
1112 33
2669 77
994 31
1132 41
1038 34
2851 52
781 53
797 47
2248 42
3589 22
2831 97
925 45
1142 64
828 37
3612 101
1187 49
942 59
1150 63
830 37
1072 39
1057 26
1124 27
1095 8
1153 86
3611 90
3071 134
721 20
2521 32
2671 125
805 39
3584 36
1759 63
3614 128
3114 82
2694 39
846 38
1162 72
833 52
2670 72
1075 28
1135 51
2975 58
800 45
799 46
1148 66
1062 25
1063 25
2509 60
2144 39
1090 3
836 22
2513 29
838 28
1056 21
839 21
843 16
1085 14
3649 19
3648 33
801 23
3646 63
2143 46
3108 44
1810 45
1019 134
1060 25
1061 22
857 22
3583 11
2512 30
2517 66
3112 80
785 25
796 30
3590 74
2672 149
1080 4
1858 21
834 29
1116 25
2863 122
2825 53
3116 75
2693 24
2823 18
3691 15
3692 18
2654 34
2658 63
2012 46
3115 100
3798 35
1815 61
1698 76
2668 75
3616 98
2393 36
1230 77
2827 28
2829 23
1826 45
3620 41
3603 185
2692 28
827 45
3605 37
806 23
821 20
826 42
2394 82
3709 129
3592 5
787 30
822 18
2141 40
2375 68
902 44
2826 57
3554 1
867 40
2397 60
3110 70
1616 32
3118 102
2409 56
2490 57
3117 67
2403 45
3677 77
2389 43
2444 45
2374 60
3119 57
2832 188
793 26
3109 56
3645 66
790 28
3622 30
929 11
3111 77
859 21
2402 63
2929 28
879 23
2961 1
2631 45
2632 32
3644 44
645 69
2142 40
1147 67
1695 61
2634 34
3732 138
2399 52
3070 37
1127 37
915 30
2408 67
2368 37
2407 38
3280 109
1801 38
905 25
2396 36
2404 39
2405 53
2372 25
2518 34
2369 21
1794 62
2331 161
417 65
2874 77
3666 54
2140 41
1792 81
2398 31
1809 44
2198 13
2843 50
2416 19
2400 43
3657 52
3699 44
2828 20
849 21
3077 122
1796 67
1697 64
2673 3
1181 42
3647 3
2370 22
2411 22
2824 41
2371 37
1800 38
1696 60
1802 40
835 23
3283 56
2392 46
3640 7
3281 88
2391 48
2406 42
873 43
1935 56
2373 14
3704 37
2197 41
882 26
2385 32
2419 16
2387 43
3642 380
3739 38
3635 82
2413 13
2414 15
1806 55
3637 5
3621 7
2633 32
2386 41
2657 35
2367 28
2199 15
1122 40
1814 69
2401 29
2410 36
2489 9
1813 51
928 62
3665 5
2200 67
1351 18
719 25
1694 55
3690 14
3724 91
2930 47
2196 35
2418 20
2415 20
2395 26
3776 16
2412 28
3073 87
3321 118
1791 52
3731 28
2251 24
1798 47
3113 69
1808 53
1797 72
1793 55
872 67
1816 70
2857 16
3817 72
1803 73
1812 44
1525 9
636 65
927 15
1799 41
3716 26
1575 80
3075 108
3880 89
3881 39
3834 50
3855 35
1600 75
3889 2
3890 11
1807 35
3830 24
445 55
3905 117
3069 30
2867 40
3917 41
3099 67
3338 99
1115 24
1705 20
3854 89
3101 62
3741 42
3102 82
1453 20
3790 24
3767 27
3762 3
3782 19
3734 11
2319 108
3348 46
2314 129
3679 5
2691 22
3775 21
3727 39
1173 68
1599 67
2840 54
2854 63
3072 80
3675 85
1004 106
895 41
3735 32
3733 8
868 30
3893 32
575 41
3122 55
1583 67
1804 35
3074 99
3100 83
4011 54
1775 67
2677 88
3076 112
3342 35
3340 44
3906 10
1345 87
1638 90
3349 30
3352 44
1811 54
1606 75
1602 83
3915 74
3784 24
1067 27
1580 42
3362 36
1805 33
3920 126
3839 29
765 3
3955 28
2852 24
1012 36
3847 28
3736 41
1609 71
1596 57
3267 1
1092 67
2384 40
3098 18
1608 66
1584 42
3811 4
3601 43
2209 36
1605 68
2332 241
3981 88
4008 9
3085 71
1471 44
4074 122
1586 35
1611 58
3856 18
3857 4
2250 32
2311 156
3104 67
1594 66
2751 62
2686 28
2688 24
2249 29
3927 58
1306 70
3597 14
854 23
1597 78
1598 84
2736 48
3802 29
1591 44
3929 51
3969 3
3970 3
3976 3
3978 3
3103 36
1703 92
1830 73
3985 14
2616 105
4078 59
1633 28
3891 32
2010 34
3737 16
3738 19
2247 105
3399 41
1603 88
3947 1
3354 57
3346 59
3053 40
4014 36
1970 111
2283 49
3123 37
3804 45
2833 68
1595 38
1607 56
1636 97
878 20
1601 62
1772 73
2417 16
2794 33
3948 35
3968 3
3952 47
1585 34
3907 41
3946 31
1865 79
778 48
2310 79
3935 62
1177 12
1648 31
3392 45
1879 111
1880 67
1925 139
2876 123
3895 84
1884 72
1863 57
3916 25
3056 24
3356 58
825 45
4018 50
3725 173
1862 104
3057 25
989 45
4097 45
1860 60
4087 3
4110 75
2614 175
448 43
794 28
1773 48
3060 60
1869 87
1878 73
1867 118
1226 157
4082 30
1864 80
2309 78
2875 126
1871 154
4015 21
3058 39
4012 9
3360 38
3107 36
4019 28
930 7
4084 14
1873 98
2872 41
3288 55
2795 9
4016 19
4022 16
4020 2
1872 77
3653 44
2307 257
1784 175
4094 155
2190 54
3708 8
4083 4
1882 56
1866 88
999 90
1967 39
1885 72
1874 60
4023 11
3723 23
3350 40
2297 326
1876 84
3982 29
1588 60
1937 18
4017 32
1883 53
1868 67
3501 65
2183 43
4077 94
988 32
1875 69
2879 37
3059 29
4024 16
1877 46
1779 16
4153 221
3987 24
4059 1
3357 30
3494 20
4135 26
2299 174
2302 240
4093 69
3928 1
3206 11
2184 39
2185 25
4102 28
3503 53
4103 28
1881 53
3535 31
2286 129
3498 56
2622 181
1724 102
620 21
4021 13
4013 5
2856 19
2186 27
3531 5
4091 92
2382 31
3795 39
2842 54
3974 46
3502 45
4128 105
2855 21
3961 35
2180 55
2181 33
4098 17
3829 22
3533 28
3850 33
3532 72
3499 33
4149 86
4009 19
4154 18
2621 146
2303 225
3370 17
1785 121
4004 144
2305 318
3497 35
2156 57
3371 15
1141 59
4159 61
3372 15
1927 64
4089 41
1017 119
2304 274
3411 23
3412 21
3500 57
4099 25
3271 54
3272 31
3257 75
4156 67
3496 26
3270 33
3381 18
3380 16
4160 104
4080 120
2188 20
3249 77
3495 24
3258 62
3365 18
3407 24
3250 75
1824 156
3252 65
3259 81
2287 12
4101 26
4166 69
3262 78
4163 24
4174 60
964 57
2484 18
3387 30
3688 24
1014 106
4100 29
2013 30
1770 73
3248 103
3256 80
3251 71
2158 69
4188 17
3261 75
3373 16
3247 93
3962 36
3268 50
3375 16
4208 131
2152 71
1929 86
1930 78
3254 81
3801 36
3376 13
3422 34
4171 24
4170 14
2312 122
4187 15
1931 106
3385 16
2844 39
1933 71
3260 50
3420 45
3383 17
3384 16
1932 70
3253 69
3266 55
1581 62
2239 17
2148 39
3604 60
2154 58
2155 67
4177 104
2486 17
4175 37
4209 52
4215 39
2171 55
3744 83
3417 45
3367 16
3368 13
3419 33
3269 51
3403 20
1790 60
3404 16
3124 51
2170 61
3416 23
4186 25
4226 13
3894 24
4180 5
3414 22
3415 23
1928 59
3405 14
3406 23
1582 52
4167 69
3418 49
1604 28
3410 18
4230 7
3475 16
3255 72
2165 68
1926 41
3408 42
2487 13
3120 34
4242 91
4221 70
3369 16
3480 19
2237 17
4245 30
3464 14
3743 81
2699 67
2706 93
4229 19
3263 57
2168 52
2159 69
3265 57
2169 37
3452 23
3409 27
3363 17
3413 23
2166 99
3366 21
3374 17
3956 34
3377 16
3378 15
3379 17
4178 1
4179 1
3463 21
2157 80
1795 56
2713 91
4324 19
4321 152
2306 268
2202 44
3388 12
2153 55
2177 52
2172 49
2163 66
4085 37
4223 39
2808 39
2235 10
1832 14
4199 3
4198 2
3264 71
2151 59
4295 11
4311 80
4248 19
3364 17
2511 32
1833 25
4246 90
3421 34
2495 22
2162 82
3479 18
1720 91
3602 43
3216 55
3726 30
4090 140
2480 26
2482 22
622 17
3467 14
2175 37
4327 26
4176 55
2383 28
4127 55
4249 79
2478 15
3465 20
660 1
784 31
1342 16
1344 14
1475 27
2238 16
3460 25
2469 18
1782 28
3468 18
4202 28
3386 15
4207 29
4225 13
4261 25
2161 55
4315 19
3461 22
4218 2
3551 63
2241 18
3482 18
2150 57
2838 5
1834 14
2164 71
2174 47
3477 28
2167 59
4250 53
3453 23
4309 7
2240 17
4195 6
3459 24
3478 19
1781 53
3462 21
1783 22
2718 101
4364 5
534 44
2447 120
4330 92
1938 73
2689 24
2204 61
3926 79
4301 15
3466 16
3458 24
4206 6
2243 18
3485 19
2471 18
2472 14
3837 41
2173 46
4300 64
1304 36
998 62
3209 114
1160 91
3546 1
2233 14
4067 3
3803 24
2485 19
2481 20
2687 30
2708 39
2712 78
3483 19
4296 30
2203 37
1474 86
2205 28
2476 57
3472 16
3473 15
4326 152
2721 89
3457 23
3836 60
3121 50
2242 17
3474 17
2244 18
4260 4
3238 106
4320 13
4341 43
3228 93
3213 76
2717 83
3218 74
3219 56
3208 126
4241 1
4240 1
1480 21
3211 65
3210 73
1341 31
1710 38
3470 17
3455 24
3456 24
4342 27
3224 90
3225 80
3226 77
3746 30
2470 22
4201 1
3469 18
1780 142
3481 18
2705 51
3246 93
2719 41
4345 19
3471 17
4344 2
780 23
4353 62
1898 31
3223 69
4431 34
4351 48
2473 19
2474 21
2475 20
4346 27
3215 88
1630 13
4438 1
3634 98
3454 22
4322 10
3806 18
1845 46
1628 13
3232 66
3358 51
4355 3
3231 54
4427 77
3476 15
3484 18
2187 17
2720 82
3221 94
3212 75
4429 36
2477 16
3230 80
1477 25
3229 74
1848 25
1847 38
1854 42
2715 49
2488 17
3686 34
1840 67
3222 54
2700 87
22222 1
4350 1
4354 64
3786 40
3773 29
3789 48
4504 60
3282 78
2211 23
2704 3
4442 72
2300 349
3220 64
3241 9
1856 25
4586 63
4589 94
1340 48
3235 31
3227 58
2210 24
4347 31
4605 154
3214 76
4371 62
3239 13
2479 16
4367 41
3240 10
1128 37
3705 31
2483 16
4506 53
409364 1
1902 34
1895 28
4448 147
4430 41
4424 24
4507 1
1428 1
1427 1
1625 24
4529 86
2366 10
3963 37
4572 8
562 186
1894 33
1921 48
1619 9
1624 7
2709 61
4445 35
4440 83
4450 8
3425 1
3426 5
4446 22
4468 18
4469 1
1161 35
1923 31
4337 45
3402 32
3957 50
3285 54
4519 31
2703 88
1922 59
4439 76
1130 40
2707 64
751 59
1157 109
3233 61
3703 53
4416 1
4417 1
4418 1
4419 1
4420 1
4421 1
1001 39
1904 31
4585 41
414 77
752 20
782 35
4588 1
3234 57
4415 1
4414 1
4413 1
4412 1
4411 1
4410 1
4409 1
4408 1
4407 1
4406 1
4405 1
4404 1
4403 1
4402 1
4401 1
4400 1
427 141
997 57
1789 44
4571 44
1924 37
3427 1
3428 7
3429 1
3430 1
3431 1
3432 7
3433 1
3434 1
3435 4
3436 1
3437 1
3438 1
3439 1
3440 1
3441 1
3442 1
3443 1
3444 1
3445 1
3446 1
3447 4
3448 4
3449 6
3450 4
3654 1
3662 1
3423 1
4025 1
4026 1
3424 1
4151 1
4422 1
4451 4
4212 2
4452 1
1176 1
4453 1
4214 1
4454 1
4455 1
4456 1
4457 1
4458 1
4459 1
4603 1
2009 30
4607 1
4028 1
1913 24
1914 45
2212 24
2696 8
1258 17
3698 38
1009 32
4576 4
4575 1
4577 3
3651 39
2149 35
3748 30
4674 57
1282 12
1283 16
990 36
1281 15
1298 18
2862 14
4683 1
1299 18
1274 14
4657 55
4636 28
1273 17
3284 55
2301 246
4600 3
4599 2
4512 1
4447 24
2388 33
1278 14
3831 17
4352 2
4399 1
4398 1
4397 1
4396 1
4395 1
4394 1
4393 1
4392 1
4391 1
4390 1
4389 1
4388 1
4387 1
4386 1
4385 1
4384 1
4383 1
4382 1
4381 1
4380 1
4379 1
4378 1
4377 88
4376 1
2853 1
1941 1
4425 1
4426 1
4428 7
3562 13
1949 29
1918 30
4708 1
4709 1
4710 76
1915 47
1250 15
1251 14
2735 11
2363 10
4711 34
4444 1
4595 3
4475 1
4476 1
3810 1
4061 1
4062 1
4064 1
1305 1
4146 1
1174 1
2661 1
4483 1
4482 13
4484 1
1757 1
1903 29
1293 16
1248 17
4685 31
1247 15
4606 1
4608 1
4609 1
2224 1
2223 1
4534 60
2376 1
4658 4
4659 2
4660 8
2365 12
1291 14
3714 11
3713 13
3712 34
3711 8
4694 14
749 34
1910 23
1909 21
3678 99
1276 13
1198 7
2733 15
4750 113
2734 18
4372 59
4654 2
1288 14
4148 37
4070 1
1700 56
4125 40
4282 14
1277 1
1296 17
1297 17
1290 18
791 31
1300 17
1257 14
4610 3
1752 1
3828 1
4615 1
4616 3
2796 1
4664 2
3606 1
4665 2
4656 1
4661 1
4663 1
2817 1
4666 1
4667 1
1271 21
1272 14
4668 1
4669 1
3353 1
3979 1
3975 1
3966 1
4291 1
3967 1
4289 1
3972 1
3971 1
3973 1
4076 1
3977 1
4088 1
3883 1
3884 1
3885 1
3886 1
3888 1
4627 35
4631 1
4632 1
4635 2
4634 3
4633 2
4285 1
4639 1
4642 1
4641 1
4640 1
4165 1
44643 1
4644 1
4645 1
4647 1
4648 1
4649 1
4650 4
4478 1
4651 4
4653 3
4761 105
4764 62
1320 26
4767 1
4768 110
4774 15
4763 24
4772 6
969 81
4773 15
4707 3
4358 1
4361 1
777 66
1241 7
4689 10
4695 19
4697 1
4696 1
4684 38
1242 7
1260 15
1275 16
4690 1
4691 1
4692 1
4625 16
4626 18
1254 16
1855 39
1261 16
4671 1
1280 14
2507 1
4676 1
1318 32
1319 21
4655 4
409926 1
4670 7
1003 107
4303 1
1197 1
1337 19
1338 30
2731 17
4751 48
1315 37
4753 47
3652 47
1243 6
1246 5
4770 102
3673 101
4771 17
4568 1
4569 1
3245 8
1279 14
4675 1
1165 82
4677 1
4678 1
3958 37
1284 13
1285 10
4679 1
1286 14
1287 10
1289 14
4680 1
4477 1
4481 1
4494 1
4493 1
4492 1
4681 1
1294 14
1292 15
1295 13
1301 18
1108 35
4886 1
4687 1
4688 1
3998 1
4698 9
4699 16
4703 6
4704 1
4706 1
4702 49
2615 162
4432 1
4746 1
4747 1
4748 1
1259 16
1255 14
4713 2
4718 1
4719 1
4720 1
4721 1
4722 1
4730 1
4727 1
4726 1
4731 1
4732 1
4736 1
4737 1
4738 1
4739 1
4740 1
4742 1
4743 1
4754 1
4745 1
1262 15
1263 16
1265 11
1266 16
1267 14
1268 13
4527 2
4744 2
1269 14
1312 21
1313 26
1310 22
1314 32
3180 40
1479 27
4755 22
4238 12
4239 6
1339 19
2730 13
4752 1
2732 12
4147 74
4789 31
1657 2
55555 1
4792 1
4794 1
4793 1
4779 1
4781 3
4787 42
3715 18
1911 39
4756 1
1316 23
4757 1
3325 5
3326 1
3327 1
3328 1
1478 23
4759 1
4760 1
4758 1
4762 1
4775 1
4776 1
4777 1
3207 37
4782 1
4785 1
4783 1
4749 1
4784 1
4786 1
3359 34
3332 42
4614 29
586 44
1412 1
4068 3
1944 11
1942 9
3080 1
4314 1
588 36
1529 119
1413 72
1527 76
1721 63
4798 88
4799 22
2643 102
1842 47
3729 79
4788 20
1528 89
4278 7
3293 50
4795 3
4270 7
3237 28
1841 32
1270 9
4114 69
2274 1
4790 1
4066 1
2752 37
4791 4
4505 56
1346 8
4273 7
4538 26
3236 17
4800 1
4801 1
4262 5
4509 1
1526 61
1196 11
157 63
3900 7
3054 30
3899 3
4339 269
3273 69
4820 9
3106 30
4517 29
2639 14
4472 50
992 36
2984 35
4802 22
3096 1
2878 6
4331 112
4821 17
437 65
4823 6
4824 20
4827 1
4828 1
4829 1
4830 1
4822 38
1554 1
1556 1
1557 1
4055 1
1969 22
4831 77
4826 30
404102 21
4833 21
2284 1
4058 58
4803 18
3026 40
3025 37
3081 17
4814 44
4805 2
1228 41
2931 9
2861 28
4809 103
4812 11
2859 26
4818 39
2727 9
3610 7
3702 73
2441 1
2860 20
3055 40
4813 27
4815 5
1227 50
1236 75
2206 27
4807 1
2207 74
2208 39
1194 62
444 35
1891 26
4817 1
1109 50
4617 1
3636 10
2925 43
2640 13
3126 47
4819 2
1179 2
1178 1
4643 1
2753 33
1946 36
1947 37
1950 32
1951 31
1952 28
4835 48
4836 1
2869 15
4837 10
4838 77
4839 1
4840 1
4079 30
4574 2
4573 1
4841 1
4842 1
4832 20
4816 57
